% var #0	var #1	obj #0	const #0	const #1	penalty
4.539340	0.462421	106.413404	0.000000	0.000000	0.000000
5.412493	4.725935	960.403301	0.000000	0.000000	0.000000
3.824835	4.420803	332.727601	0.000000	0.000000	0.000000
3.372130	2.353087	11.066940	0.000000	0.000000	0.000000
0.753322	3.343725	74.593390	3.214770	0.000000	3.214770
3.445640	3.701034	123.803027	0.000000	0.000000	0.000000
4.917796	1.482463	215.139656	0.000000	0.000000	0.000000
5.264098	1.095545	317.350373	0.000000	0.000000	0.000000
2.108054	3.272854	44.647796	0.000000	0.000000	0.000000
1.226388	5.184889	464.194929	15.123220	0.739557	15.862777
1.238057	1.559017	73.637884	0.000000	0.000000	0.000000
5.870178	4.278934	1064.525883	0.000000	0.000000	0.000000
3.374101	2.440846	13.420353	0.000000	0.000000	0.000000
2.205496	4.294594	189.686128	0.252792	0.000000	0.252792
0.147309	4.217886	165.340156	15.339171	0.000000	15.339171
3.370592	1.348011	6.204677	0.000000	0.000000	0.000000
0.394344	0.083627	159.338564	0.000000	0.000000	0.000000
4.869523	1.497255	201.922565	0.000000	0.000000	0.000000
2.286756	5.090817	450.036853	7.278112	0.363268	7.641380
1.678352	5.104658	439.453884	11.090877	0.418631	11.509508
2.136344	4.954206	389.517878	6.744679	0.000000	6.744679
4.891850	1.508478	208.503404	0.000000	0.000000	0.000000
0.107237	2.497195	72.533623	4.175109	0.000000	4.175109
0.391822	0.312098	153.363280	0.000000	0.000000	0.000000
3.582495	4.930715	482.342686	0.321269	0.000000	0.321269
4.901573	3.152320	323.164218	0.000000	0.000000	0.000000
5.378302	2.228852	417.419679	0.000000	0.000000	0.000000
4.864977	4.610956	664.362024	0.000000	0.000000	0.000000
5.733546	2.637635	633.181864	0.000000	0.000000	0.000000
2.176264	5.477736	634.743881	11.979074	1.910944	13.890018
3.807065	4.332930	304.035157	0.000000	0.000000	0.000000
5.016183	5.290771	1054.852929	1.992519	1.163084	3.155603
4.966346	0.166972	195.335216	0.000000	0.000000	0.000000
1.867713	1.726425	38.098799	0.000000	0.000000	0.000000
2.238003	4.430349	223.434407	1.256617	0.000000	1.256617
3.779580	2.809104	58.955703	0.000000	0.000000	0.000000
0.761315	4.377597	203.562533	11.129805	0.000000	11.129805
1.310533	1.024812	89.711885	0.000000	0.000000	0.000000
0.652003	4.431739	214.423924	12.545385	0.000000	12.545385
4.816311	3.420955	334.531780	0.000000	0.000000	0.000000
4.920987	2.825105	292.156690	0.000000	0.000000	0.000000
1.998753	0.551354	63.713613	0.000000	0.000000	0.000000
4.326404	5.517158	946.083121	4.892768	2.068634	6.961401
3.148115	4.000316	156.111676	0.000000	0.000000	0.000000
1.330426	4.302840	189.266859	5.980202	0.000000	5.980202
5.944660	3.268618	854.888058	0.000000	0.000000	0.000000
0.939991	0.946794	110.744651	0.000000	0.000000	0.000000
2.260602	5.589293	702.382399	12.744497	2.357171	15.101668
5.724452	0.694644	505.260006	0.000000	0.000000	0.000000
2.071959	4.803426	332.859421	5.646324	0.000000	5.646324
5.711699	1.000762	511.939628	0.000000	0.000000	0.000000
3.325397	4.200519	213.291396	0.000000	0.000000	0.000000
3.559554	3.653665	126.530734	0.000000	0.000000	0.000000
5.075562	3.504485	440.906954	0.000000	0.000000	0.000000
5.119685	2.289567	317.577842	0.000000	0.000000	0.000000
3.714971	3.771694	162.898199	0.000000	0.000000	0.000000
2.314830	4.450027	229.960692	1.012881	0.000000	1.012881
5.975167	0.276907	624.875675	0.000000	0.000000	0.000000
0.752393	5.440579	570.262713	21.642064	1.762315	23.404378
0.562140	1.280362	111.454306	0.000000	0.000000	0.000000
4.857251	1.259284	192.192785	0.000000	0.000000	0.000000
3.372130	2.583507	18.012651	0.000000	0.000000	0.000000
4.816311	3.420955	334.531780	0.000000	0.000000	0.000000
0.028000	3.152320	70.365718	8.657908	0.000000	8.657908
5.435713	0.866138	377.531880	0.000000	0.000000	0.000000
1.984442	0.551354	64.587269	0.000000	0.000000	0.000000
5.989478	0.276907	633.432327	0.000000	0.000000	0.000000
5.264098	1.095545	317.350373	0.000000	0.000000	0.000000
3.559554	3.653665	126.530734	0.000000	0.000000	0.000000
0.391822	0.279491	154.302865	0.000000	0.000000	0.000000
4.920987	2.857711	295.425467	0.000000	0.000000	0.000000
3.590612	3.771554	149.050724	0.000000	0.000000	0.000000
3.706854	4.930854	500.701670	0.000000	0.000000	0.000000
3.596592	1.391611	13.221085	0.000000	0.000000	0.000000
5.718659	3.225018	704.572824	0.000000	0.000000	0.000000
1.310533	0.842424	96.033207	0.000000	0.000000	0.000000
5.733546	2.664552	636.146750	0.000000	0.000000	0.000000
1.849137	1.726425	38.982742	0.000000	0.000000	0.000000
3.166692	4.000316	157.260154	0.000000	0.000000	0.000000
2.068151	2.440846	19.387144	0.000000	0.000000	0.000000
3.414004	3.272854	66.205166	0.000000	0.000000	0.000000
0.361745	0.083627	160.300943	0.000000	0.000000	0.000000
1.270657	1.559017	72.134902	0.000000	0.000000	0.000000
2.492068	1.497255	15.974990	0.000000	0.000000	0.000000
3.529262	4.450027	301.611793	0.000000	0.000000	0.000000
3.920490	2.693825	67.349897	0.000000	0.000000	0.000000
4.724067	4.778527	681.707035	0.000000	0.000000	0.000000
3.807065	4.332930	304.035157	0.000000	0.000000	0.000000
4.891850	1.508478	208.503404	0.000000	0.000000	0.000000
5.016183	1.019356	231.368944	0.000000	0.000000	0.000000
4.857251	5.530699	1137.632213	4.609004	2.122794	6.731798
5.870178	3.543523	859.705850	0.000000	0.000000	0.000000
5.075562	4.239896	618.722216	0.000000	0.000000	0.000000
1.349339	1.558763	68.446650	0.000000	0.000000	0.000000
3.036833	4.000570	149.936507	0.000000	0.000000	0.000000
1.310533	1.176776	84.232925	0.000000	0.000000	0.000000
2.108054	3.120889	35.303859	0.000000	0.000000	0.000000
4.917796	1.482463	215.139656	0.000000	0.000000	0.000000
3.370592	1.348011	6.204677	0.000000	0.000000	0.000000
3.445640	3.701034	123.803027	0.000000	0.000000	0.000000
5.378302	2.228852	417.419679	0.000000	0.000000	0.000000
0.391822	0.312098	153.363280	0.000000	0.000000	0.000000
1.867713	1.726425	38.098799	0.000000	0.000000	0.000000
0.147309	4.217886	165.340156	15.339171	0.000000	15.339171
4.583043	1.497255	132.316125	0.000000	0.000000	0.000000
4.966346	0.162398	195.214766	0.000000	0.000000	0.000000
1.998753	0.555927	63.607054	0.000000	0.000000	0.000000
4.920987	2.634784	274.900456	0.000000	0.000000	0.000000
5.733546	2.827956	655.469112	0.000000	0.000000	0.000000
5.119685	2.289567	317.577842	0.000000	0.000000	0.000000
4.891850	1.508478	208.503404	0.000000	0.000000	0.000000
1.214442	4.302605	189.247534	6.842858	0.000000	6.842858
1.822544	4.430583	219.425841	3.726293	0.000000	3.726293
3.374101	1.205827	7.246393	0.000000	0.000000	0.000000
0.562140	2.618128	65.231929	0.549193	0.000000	0.549193
3.779580	2.809104	58.955703	0.000000	0.000000	0.000000
0.939991	0.946794	110.744651	0.000000	0.000000	0.000000
5.016183	5.290771	1054.852929	1.992519	1.163084	3.155603
5.412493	4.725935	960.403301	0.000000	0.000000	0.000000
3.807065	4.332930	304.035157	0.000000	0.000000	0.000000
3.372130	2.353087	11.066940	0.000000	0.000000	0.000000
0.391822	0.279491	154.302865	0.000000	0.000000	0.000000
5.075562	4.239896	618.722216	0.000000	0.000000	0.000000
3.297633	1.348011	5.048354	0.000000	0.000000	0.000000
4.656002	1.497255	148.255916	0.000000	0.000000	0.000000
0.383758	0.351297	152.436957	0.000000	0.000000	0.000000
1.857201	1.687225	39.653494	0.000000	0.000000	0.000000
1.974571	2.449881	22.587080	0.000000	0.000000	0.000000
3.346597	2.574472	16.543765	0.000000	0.000000	0.000000
2.116941	4.930854	380.056063	6.625356	0.000000	6.625356
3.574355	0.179664	15.339601	0.000000	0.000000	0.000000
1.822544	2.103891	31.638563	0.000000	0.000000	0.000000
1.270657	4.329705	195.002809	6.654350	0.000000	6.654350
3.414004	3.272854	66.205166	0.000000	0.000000	0.000000
1.998753	0.555927	63.607054	0.000000	0.000000	0.000000
1.867713	1.726425	38.098799	0.000000	0.000000	0.000000
4.917796	1.482463	215.139656	0.000000	0.000000	0.000000
5.016183	0.886374	227.891967	0.000000	0.000000	0.000000
5.435713	0.999121	382.370431	0.000000	0.000000	0.000000
4.891850	1.508478	208.503404	0.000000	0.000000	0.000000
2.108054	3.120889	35.303859	0.000000	0.000000	0.000000
3.445640	3.701034	123.803027	0.000000	0.000000	0.000000
3.036833	4.000570	149.936507	0.000000	0.000000	0.000000
3.807065	4.332930	304.035157	0.000000	0.000000	0.000000
3.374101	1.205827	7.246393	0.000000	0.000000	0.000000
3.779580	1.472169	23.741867	0.000000	0.000000	0.000000
0.784523	2.895698	60.789624	0.155310	0.000000	0.155310
2.506211	1.289845	19.767878	0.000000	0.000000	0.000000
3.582450	1.518051	12.474810	0.000000	0.000000	0.000000
3.341466	1.380049	5.464904	0.000000	0.000000	0.000000
4.922515	2.481516	263.537874	0.000000	0.000000	0.000000
2.329328	1.726425	17.662148	0.000000	0.000000	0.000000
4.459372	2.634784	152.101357	0.000000	0.000000	0.000000
5.733546	2.827956	655.469112	0.000000	0.000000	0.000000
1.984442	0.551354	64.587269	0.000000	0.000000	0.000000
3.835224	2.693825	57.739269	0.000000	0.000000	0.000000
4.583043	1.497255	132.316125	0.000000	0.000000	0.000000
3.166692	4.000316	157.260154	0.000000	0.000000	0.000000
1.310533	0.842424	96.033207	0.000000	0.000000	0.000000
3.807065	0.194469	23.557684	0.000000	0.000000	0.000000
0.391822	4.450558	215.129010	15.042770	0.000000	15.042770
3.374101	1.188607	7.372712	0.000000	0.000000	0.000000
3.596592	1.408830	13.196822	0.000000	0.000000	0.000000
2.068151	2.440846	19.387144	0.000000	0.000000	0.000000
5.378302	2.228852	417.419679	0.000000	0.000000	0.000000
3.779580	2.809104	58.955703	0.000000	0.000000	0.000000
1.998753	0.555927	63.607054	0.000000	0.000000	0.000000
2.492068	1.470345	16.521221	0.000000	0.000000	0.000000
3.372130	2.610416	19.043572	0.000000	0.000000	0.000000
0.348143	0.279491	155.559355	0.000000	0.000000	0.000000
1.314336	1.559017	70.093997	0.000000	0.000000	0.000000
4.816311	1.389601	184.655454	0.000000	0.000000	0.000000
1.349339	3.590117	83.631440	0.216261	0.000000	0.216261
1.840291	1.726425	39.404411	0.000000	0.000000	0.000000
3.379438	1.348011	6.380337	0.000000	0.000000	0.000000
2.108054	3.143763	36.557205	0.000000	0.000000	0.000000
3.807065	4.310055	297.555714	0.000000	0.000000	0.000000
3.164660	3.668107	99.737520	0.000000	0.000000	0.000000
3.559554	3.986128	186.968471	0.000000	0.000000	0.000000
4.724067	4.716377	655.795155	0.000000	0.000000	0.000000
3.372130	2.353087	11.066940	0.000000	0.000000	0.000000
3.585232	1.211954	13.186063	0.000000	0.000000	0.000000
1.867713	1.720297	38.261060	0.000000	0.000000	0.000000
0.391822	0.279491	154.302865	0.000000	0.000000	0.000000
3.807065	4.310055	297.555714	0.000000	0.000000	0.000000
3.164660	2.806267	19.637207	0.000000	0.000000	0.000000
3.779580	3.670944	153.561686	0.000000	0.000000	0.000000
1.962894	2.442111	22.995366	0.000000	0.000000	0.000000
2.119730	3.151533	36.779013	0.000000	0.000000	0.000000
3.574355	0.179664	15.339601	0.000000	0.000000	0.000000
1.840291	1.726425	39.404411	0.000000	0.000000	0.000000
3.596592	1.408830	13.196822	0.000000	0.000000	0.000000
2.068151	2.440846	19.387144	0.000000	0.000000	0.000000
3.835224	2.693825	57.739269	0.000000	0.000000	0.000000
3.346597	2.574472	16.543765	0.000000	0.000000	0.000000
3.297633	1.778057	3.023109	0.000000	0.000000	0.000000
1.998753	0.555927	63.607054	0.000000	0.000000	0.000000
3.807065	0.194469	23.557684	0.000000	0.000000	0.000000
2.187497	1.726425	23.502094	0.000000	0.000000	0.000000
3.372130	0.181298	13.229353	0.000000	0.000000	0.000000
0.348143	2.708609	67.220786	2.976340	0.000000	2.976340
3.338819	1.345145	5.657658	0.000000	0.000000	0.000000
3.382085	1.382915	6.226138	0.000000	0.000000	0.000000
2.526223	1.101580	22.996152	0.000000	0.000000	0.000000
3.393992	3.340708	71.966557	0.000000	0.000000	0.000000
3.582450	1.470803	12.494605	0.000000	0.000000	0.000000
2.492068	1.517593	15.567333	0.000000	0.000000	0.000000
1.820083	1.650476	42.474383	0.000000	0.000000	0.000000
1.859662	2.140639	29.482356	0.000000	0.000000	0.000000
3.409061	0.959307	9.632045	0.000000	0.000000	0.000000
5.398783	2.392901	438.895115	0.000000	0.000000	0.000000
3.596592	1.408830	13.196822	0.000000	0.000000	0.000000
3.297633	1.348011	5.048354	0.000000	0.000000	0.000000
3.779580	1.007624	23.291053	0.000000	0.000000	0.000000
5.435713	1.463666	400.760053	0.000000	0.000000	0.000000
2.078546	1.465190	34.889374	0.000000	0.000000	0.000000
4.400000	2.135955	114.015770	0.000000	0.000000	0.000000
1.310533	0.842424	96.033207	0.000000	0.000000	0.000000
1.998753	0.555927	63.607054	0.000000	0.000000	0.000000
2.221547	1.289845	32.501226	0.000000	0.000000	0.000000
1.998753	0.555927	63.607054	0.000000	0.000000	0.000000
3.414004	3.272854	66.205166	0.000000	0.000000	0.000000
3.582450	1.518051	12.474810	0.000000	0.000000	0.000000
5.016183	0.886374	227.891967	0.000000	0.000000	0.000000
3.779580	2.809104	58.955703	0.000000	0.000000	0.000000
0.383758	0.384108	151.436161	0.000000	0.000000	0.000000
2.492068	1.437534	17.196881	0.000000	0.000000	0.000000
3.341466	1.380049	5.464904	0.000000	0.000000	0.000000
1.857201	1.687225	39.653494	0.000000	0.000000	0.000000
2.068151	2.440846	19.387144	0.000000	0.000000	0.000000
3.379438	1.384484	6.161145	0.000000	0.000000	0.000000
2.034262	2.445761	20.533495	0.000000	0.000000	0.000000
3.286906	2.578592	14.295918	0.000000	0.000000	0.000000
1.901388	1.616458	39.451466	0.000000	0.000000	0.000000
3.313004	1.726425	3.397316	0.000000	0.000000	0.000000
3.221745	1.205827	5.744853	0.000000	0.000000	0.000000
5.356353	1.463831	367.138101	0.000000	0.000000	0.000000
1.984442	0.185109	72.104791	0.000000	0.000000	0.000000
3.807065	0.560714	24.724599	0.000000	0.000000	0.000000
3.371614	0.179664	13.231680	0.000000	0.000000	0.000000
3.574871	2.353087	21.540011	0.000000	0.000000	0.000000
3.807065	0.560714	24.724599	0.000000	0.000000	0.000000
3.297633	1.827061	3.027563	0.000000	0.000000	0.000000
1.998753	0.555927	63.607054	0.000000	0.000000	0.000000
2.410924	1.437534	20.425193	0.000000	0.000000	0.000000
3.164660	2.668202	13.617818	0.000000	0.000000	0.000000
3.582450	1.518051	12.474810	0.000000	0.000000	0.000000
3.582698	1.404423	12.586301	0.000000	0.000000	0.000000
3.596344	1.475210	13.127121	0.000000	0.000000	0.000000
3.338819	1.345145	5.657658	0.000000	0.000000	0.000000
3.585232	1.211954	13.186063	0.000000	0.000000	0.000000
2.119730	3.151533	36.779013	0.000000	0.000000	0.000000
3.379438	1.384484	6.161145	0.000000	0.000000	0.000000
5.435713	1.463666	400.760053	0.000000	0.000000	0.000000
2.078546	1.465190	34.889374	0.000000	0.000000	0.000000
2.187497	1.412580	30.998015	0.000000	0.000000	0.000000
2.068151	2.440846	19.387144	0.000000	0.000000	0.000000
1.920597	1.616458	38.514782	0.000000	0.000000	0.000000
3.362876	1.382915	5.836845	0.000000	0.000000	0.000000
3.308217	0.185004	13.394442	0.000000	0.000000	0.000000
3.796481	1.357476	24.611741	0.000000	0.000000	0.000000
3.337130	0.181298	13.277862	0.000000	0.000000	0.000000
3.376466	1.380049	6.125394	0.000000	0.000000	0.000000
1.310533	0.842424	96.033207	0.000000	0.000000	0.000000
3.221745	1.205827	5.744853	0.000000	0.000000	0.000000
1.962894	2.442111	22.995366	0.000000	0.000000	0.000000
3.313004	1.726425	3.397316	0.000000	0.000000	0.000000
3.409061	0.959307	9.632045	0.000000	0.000000	0.000000
2.034262	2.445761	20.533495	0.000000	0.000000	0.000000
3.596592	1.412402	13.192235	0.000000	0.000000	0.000000
3.286906	2.575020	14.171135	0.000000	0.000000	0.000000
3.382085	1.223157	7.263136	0.000000	0.000000	0.000000
3.585232	1.371712	12.755130	0.000000	0.000000	0.000000
5.356353	1.463831	367.138101	0.000000	0.000000	0.000000
1.998753	0.555927	63.607054	0.000000	0.000000	0.000000
2.496339	1.778057	10.742925	0.000000	0.000000	0.000000
3.293362	1.968350	3.320852	0.000000	0.000000	0.000000
1.836327	1.687225	40.659891	0.000000	0.000000	0.000000
3.367471	2.574472	17.465632	0.000000	0.000000	0.000000
3.313004	1.673512	3.506502	0.000000	0.000000	0.000000
3.286906	2.631505	16.245650	0.000000	0.000000	0.000000
3.582236	1.408830	12.559054	0.000000	0.000000	0.000000
3.596806	1.470803	13.150633	0.000000	0.000000	0.000000
2.500430	1.437534	16.877997	0.000000	0.000000	0.000000
3.371076	1.384484	5.989116	0.000000	0.000000	0.000000
2.055038	0.281397	65.866305	0.000000	0.000000	0.000000
3.384728	2.339113	11.260188	0.000000	0.000000	0.000000
1.962894	1.450349	41.058316	0.000000	0.000000	0.000000
2.078546	2.456952	19.074738	0.000000	0.000000	0.000000
3.349080	1.380049	5.598313	0.000000	0.000000	0.000000
3.409061	1.216866	7.833155	0.000000	0.000000	0.000000
2.034262	2.445761	20.533495	0.000000	0.000000	0.000000
3.582450	1.518051	12.474810	0.000000	0.000000	0.000000
1.860958	2.140639	29.428865	0.000000	0.000000	0.000000
3.573059	0.179664	15.312262	0.000000	0.000000	0.000000
3.221745	1.016946	7.687238	0.000000	0.000000	0.000000
3.779580	1.196504	23.285665	0.000000	0.000000	0.000000
3.338819	1.345145	5.657658	0.000000	0.000000	0.000000
1.901388	1.616458	39.451466	0.000000	0.000000	0.000000
3.162954	2.353563	4.741265	0.000000	0.000000	0.000000
3.576576	2.805791	40.932720	0.000000	0.000000	0.000000
3.582236	1.408830	12.559054	0.000000	0.000000	0.000000
3.162954	2.353563	4.741265	0.000000	0.000000	0.000000
3.310436	0.185004	13.382227	0.000000	0.000000	0.000000
3.406842	1.216866	7.787132	0.000000	0.000000	0.000000
3.338819	1.345145	5.657658	0.000000	0.000000	0.000000
3.313004	1.726425	3.397316	0.000000	0.000000	0.000000
3.396994	1.127274	8.217803	0.000000	0.000000	0.000000
3.052454	1.380049	4.265376	0.000000	0.000000	0.000000
3.286906	2.631505	16.245650	0.000000	0.000000	0.000000
3.582450	2.180007	17.893721	0.000000	0.000000	0.000000
4.302616	1.211954	77.625440	0.000000	0.000000	0.000000
3.362876	1.382915	5.836845	0.000000	0.000000	0.000000
3.585232	1.371865	12.754829	0.000000	0.000000	0.000000
2.496339	1.777903	10.745310	0.000000	0.000000	0.000000
2.500430	1.495033	15.708536	0.000000	0.000000	0.000000
3.221745	1.205827	5.744853	0.000000	0.000000	0.000000
3.293362	1.968350	3.320852	0.000000	0.000000	0.000000
3.596344	1.475210	13.127121	0.000000	0.000000	0.000000
3.349080	1.380049	5.598313	0.000000	0.000000	0.000000
3.796481	1.357476	24.611741	0.000000	0.000000	0.000000
3.311940	2.355245	8.858190	0.000000	0.000000	0.000000
3.372140	1.384484	6.010621	0.000000	0.000000	0.000000
3.379438	1.384484	6.161145	0.000000	0.000000	0.000000
3.582450	1.518051	12.474810	0.000000	0.000000	0.000000
2.467047	0.181298	42.646181	0.000000	0.000000	0.000000
3.287283	2.575020	14.185124	0.000000	0.000000	0.000000
2.073786	1.782562	27.233325	0.000000	0.000000	0.000000
3.302393	2.501451	12.346651	0.000000	0.000000	0.000000
3.338819	1.345145	5.657658	0.000000	0.000000	0.000000
2.078546	1.465190	34.889374	0.000000	0.000000	0.000000
3.221745	1.016946	7.687238	0.000000	0.000000	0.000000
3.443351	1.345145	7.900788	0.000000	0.000000	0.000000
1.655078	2.140639	38.036871	0.000000	0.000000	0.000000
3.427625	1.205827	8.307264	0.000000	0.000000	0.000000
3.596344	0.969228	14.499461	0.000000	0.000000	0.000000
3.409061	0.661594	11.589710	0.000000	0.000000	0.000000
2.063741	1.211044	42.618443	0.000000	0.000000	0.000000
3.484385	1.451259	8.706090	0.000000	0.000000	0.000000
3.155416	1.187915	5.942542	0.000000	0.000000	0.000000
3.346357	2.510793	14.362961	0.000000	0.000000	0.000000
3.288617	1.357227	4.868469	0.000000	0.000000	0.000000
3.377727	2.602276	18.987779	0.000000	0.000000	0.000000
2.478271	1.812802	10.800669	0.000000	0.000000	0.000000
3.318517	2.539727	14.180014	0.000000	0.000000	0.000000
2.157715	2.456952	16.537630	0.000000	0.000000	0.000000
3.329892	1.216866	6.496373	0.000000	0.000000	0.000000
3.307925	1.673512	3.405722	0.000000	0.000000	0.000000
3.905344	1.518051	33.914559	0.000000	0.000000	0.000000
3.176215	2.668202	13.945876	0.000000	0.000000	0.000000
3.286078	1.827061	2.783027	0.000000	0.000000	0.000000
2.119730	2.807061	22.683572	0.000000	0.000000	0.000000
3.573059	0.215845	15.357468	0.000000	0.000000	0.000000
3.350133	1.382915	5.598824	0.000000	0.000000	0.000000
3.361824	1.380049	5.834319	0.000000	0.000000	0.000000
3.314389	1.726425	3.426692	0.000000	0.000000	0.000000
3.482190	1.404423	8.789520	0.000000	0.000000	0.000000
3.086839	0.188702	16.680798	0.000000	0.000000	0.000000
3.371076	1.380785	6.011321	0.000000	0.000000	0.000000
3.293362	1.418404	4.471547	0.000000	0.000000	0.000000
3.596592	1.962349	15.393202	0.000000	0.000000	0.000000
3.534473	0.257827	14.617191	0.000000	0.000000	0.000000
3.371076	1.729832	4.790040	0.000000	0.000000	0.000000
2.478271	1.379051	18.968390	0.000000	0.000000	0.000000
3.362876	1.816666	4.631653	0.000000	0.000000	0.000000
3.338819	1.333217	5.741526	0.000000	0.000000	0.000000
3.484385	1.471923	8.647017	0.000000	0.000000	0.000000
2.496339	1.777903	10.745310	0.000000	0.000000	0.000000
3.286078	1.827061	2.783027	0.000000	0.000000	0.000000
3.377727	2.602276	18.987779	0.000000	0.000000	0.000000
3.293362	1.418404	4.471547	0.000000	0.000000	0.000000
3.307105	1.594581	3.668540	0.000000	0.000000	0.000000
3.583270	2.271294	19.936010	0.000000	0.000000	0.000000
3.155416	1.149350	6.379686	0.000000	0.000000	0.000000
3.311940	2.393810	9.753465	0.000000	0.000000	0.000000
3.588270	1.371865	12.886588	0.000000	0.000000	0.000000
3.372140	1.384484	6.010621	0.000000	0.000000	0.000000
3.162954	2.353563	4.741265	0.000000	0.000000	0.000000
3.239357	1.382915	4.183789	0.000000	0.000000	0.000000
3.293362	1.725110	3.002940	0.000000	0.000000	0.000000
3.314389	1.969664	3.859015	0.000000	0.000000	0.000000
4.884495	1.059701	194.695687	0.000000	0.000000	0.000000
3.329892	1.216866	6.496373	0.000000	0.000000	0.000000
3.073581	1.127274	7.233922	0.000000	0.000000	0.000000
3.375868	1.380049	6.113077	0.000000	0.000000	0.000000
3.221745	1.207052	5.732556	0.000000	0.000000	0.000000
3.349080	1.378824	5.606220	0.000000	0.000000	0.000000
2.077230	2.807061	23.782103	0.000000	0.000000	0.000000
3.264246	1.016946	7.750428	0.000000	0.000000	0.000000
3.583042	1.380049	12.644474	0.000000	0.000000	0.000000
3.379438	0.117705	13.298113	0.000000	0.000000	0.000000
3.313004	1.726425	3.397316	0.000000	0.000000	0.000000
3.286078	1.827061	2.783027	0.000000	0.000000	0.000000
3.307925	1.740306	3.271506	0.000000	0.000000	0.000000
2.119730	2.740267	21.096888	0.000000	0.000000	0.000000
3.440445	1.345052	7.823732	0.000000	0.000000	0.000000
3.588138	1.371958	12.880672	0.000000	0.000000	0.000000
3.311175	1.726425	3.358790	0.000000	0.000000	0.000000
3.400208	1.127274	8.276129	0.000000	0.000000	0.000000
3.304485	2.501451	12.424110	0.000000	0.000000	0.000000
3.346988	1.380049	5.561091	0.000000	0.000000	0.000000
3.053259	1.380049	4.259141	0.000000	0.000000	0.000000
3.162150	2.353563	4.724732	0.000000	0.000000	0.000000
3.293362	1.425777	4.419606	0.000000	0.000000	0.000000
3.086839	0.188702	16.680798	0.000000	0.000000	0.000000
3.350133	1.370916	5.676333	0.000000	0.000000	0.000000
3.318517	2.551726	14.583445	0.000000	0.000000	0.000000
2.478271	1.812802	10.800669	0.000000	0.000000	0.000000
3.221745	1.205827	5.744853	0.000000	0.000000	0.000000
3.361824	1.380049	5.834319	0.000000	0.000000	0.000000
3.379438	1.384484	6.161145	0.000000	0.000000	0.000000
3.372140	1.518416	5.319542	0.000000	0.000000	0.000000
3.377727	2.602276	18.987779	0.000000	0.000000	0.000000
3.321587	1.374150	5.184454	0.000000	0.000000	0.000000
3.547932	2.574919	27.428951	0.000000	0.000000	0.000000
3.288617	1.357227	4.868469	0.000000	0.000000	0.000000
3.293362	1.968350	3.320852	0.000000	0.000000	0.000000
3.311943	2.355245	8.858303	0.000000	0.000000	0.000000
2.643026	1.216866	16.098870	0.000000	0.000000	0.000000
3.346357	2.510793	14.362961	0.000000	0.000000	0.000000
3.596592	1.962349	15.393202	0.000000	0.000000	0.000000
3.313004	1.726425	3.397316	0.000000	0.000000	0.000000
3.583270	2.271294	19.936010	0.000000	0.000000	0.000000
3.172804	1.704527	1.444450	0.000000	0.000000	0.000000
3.282708	2.374146	8.307487	0.000000	0.000000	0.000000
2.515689	1.776027	10.151669	0.000000	0.000000	0.000000
3.343527	1.818543	4.112926	0.000000	0.000000	0.000000
3.293362	1.379936	4.752187	0.000000	0.000000	0.000000
3.346988	1.263896	6.375220	0.000000	0.000000	0.000000
3.311175	1.296653	5.619065	0.000000	0.000000	0.000000
3.428050	2.511330	18.125500	0.000000	0.000000	0.000000
3.321587	1.374150	5.184454	0.000000	0.000000	0.000000
3.314389	1.969664	3.859015	0.000000	0.000000	0.000000
3.288617	1.357227	4.868469	0.000000	0.000000	0.000000
3.588138	1.371958	12.880672	0.000000	0.000000	0.000000
3.286078	1.827061	2.783027	0.000000	0.000000	0.000000
3.293362	0.982246	8.204013	0.000000	0.000000	0.000000
3.295108	1.487516	4.036326	0.000000	0.000000	0.000000
3.370394	1.999250	5.698949	0.000000	0.000000	0.000000
3.155416	1.149350	6.379686	0.000000	0.000000	0.000000
3.361824	1.298733	6.370120	0.000000	0.000000	0.000000
3.300195	1.244935	5.913250	0.000000	0.000000	0.000000
3.386091	1.709399	5.209358	0.000000	0.000000	0.000000
3.066037	1.380049	4.166696	0.000000	0.000000	0.000000
3.208968	1.207052	5.702375	0.000000	0.000000	0.000000
3.372291	1.384484	6.013671	0.000000	0.000000	0.000000
3.375717	1.380049	6.109985	0.000000	0.000000	0.000000
3.312478	2.393810	9.772505	0.000000	0.000000	0.000000
3.157093	1.384484	3.833613	0.000000	0.000000	0.000000
2.512785	1.812802	9.697067	0.000000	0.000000	0.000000
3.128441	2.353563	4.082426	0.000000	0.000000	0.000000
3.362301	0.294472	12.968946	0.000000	0.000000	0.000000
3.543248	1.693188	10.896103	0.000000	0.000000	0.000000
3.377727	2.602276	18.987779	0.000000	0.000000	0.000000
3.311175	1.726425	3.358790	0.000000	0.000000	0.000000
3.307925	1.299983	5.551917	0.000000	0.000000	0.000000
3.375868	1.820372	5.010780	0.000000	0.000000	0.000000
3.361824	1.380049	5.834319	0.000000	0.000000	0.000000
3.338819	1.333217	5.741526	0.000000	0.000000	0.000000
3.055274	1.378824	4.258247	0.000000	0.000000	0.000000
3.347066	1.380049	5.562461	0.000000	0.000000	0.000000
3.226065	1.202835	5.788010	0.000000	0.000000	0.000000
3.289042	1.421396	4.393699	0.000000	0.000000	0.000000
3.286180	1.968350	3.149243	0.000000	0.000000	0.000000
3.293259	1.827061	2.933511	0.000000	0.000000	0.000000
3.313004	1.726425	3.397316	0.000000	0.000000	0.000000
2.478271	1.812802	10.800669	0.000000	0.000000	0.000000
3.162150	1.290431	4.804237	0.000000	0.000000	0.000000
3.073581	2.302595	2.453806	0.000000	0.000000	0.000000
3.288617	1.357227	4.868469	0.000000	0.000000	0.000000
3.307105	1.594581	3.668540	0.000000	0.000000	0.000000
3.293467	1.725110	3.004966	0.000000	0.000000	0.000000
3.321482	1.374150	5.182863	0.000000	0.000000	0.000000
3.286078	1.827061	2.783027	0.000000	0.000000	0.000000
3.372140	1.384484	6.010621	0.000000	0.000000	0.000000
3.236667	1.384022	4.154086	0.000000	0.000000	0.000000
3.296052	1.424670	4.463718	0.000000	0.000000	0.000000
3.350133	1.337210	5.901538	0.000000	0.000000	0.000000
3.362876	1.678721	4.621574	0.000000	0.000000	0.000000
3.588138	1.787625	13.459650	0.000000	0.000000	0.000000
2.496339	1.777903	10.745310	0.000000	0.000000	0.000000
3.176361	1.411518	3.604285	0.000000	0.000000	0.000000
3.233110	0.992672	7.935324	0.000000	0.000000	0.000000
3.286180	1.710461	2.899583	0.000000	0.000000	0.000000
3.386091	1.967289	5.984714	0.000000	0.000000	0.000000
3.157093	1.384484	3.833613	0.000000	0.000000	0.000000
3.343527	1.818543	4.112926	0.000000	0.000000	0.000000
3.483721	1.827061	8.813303	0.000000	0.000000	0.000000
3.307105	1.583136	3.718599	0.000000	0.000000	0.000000
2.469930	1.812802	11.074464	0.000000	0.000000	0.000000
3.596480	1.787625	13.898697	0.000000	0.000000	0.000000
3.055274	1.378824	4.258247	0.000000	0.000000	0.000000
3.226065	1.202835	5.788010	0.000000	0.000000	0.000000
3.311175	1.839912	3.345802	0.000000	0.000000	0.000000
3.312478	2.393810	9.772505	0.000000	0.000000	0.000000
3.361555	1.689250	4.573362	0.000000	0.000000	0.000000
3.377189	1.809843	5.027922	0.000000	0.000000	0.000000
3.100756	1.380049	3.978885	0.000000	0.000000	0.000000
3.279669	1.969664	3.004073	0.000000	0.000000	0.000000
3.042314	2.302595	2.118689	0.000000	0.000000	0.000000
3.378333	1.380049	6.164037	0.000000	0.000000	0.000000
3.296052	1.333488	5.142425	0.000000	0.000000	0.000000
3.350133	1.428393	5.319076	0.000000	0.000000	0.000000
3.287803	1.720669	2.906622	0.000000	0.000000	0.000000
3.311279	1.832816	3.339160	0.000000	0.000000	0.000000
3.293467	0.899344	8.953657	0.000000	0.000000	0.000000
3.293362	1.185808	6.357398	0.000000	0.000000	0.000000
3.293259	1.285446	5.499605	0.000000	0.000000	0.000000
3.162150	1.832046	0.922757	0.000000	0.000000	0.000000
3.289037	1.379495	4.702134	0.000000	0.000000	0.000000
3.293367	1.421836	4.447353	0.000000	0.000000	0.000000
3.288617	1.325988	5.116615	0.000000	0.000000	0.000000
3.314389	2.081006	4.685095	0.000000	0.000000	0.000000
3.540215	1.379936	10.905684	0.000000	0.000000	0.000000
3.293259	1.827061	2.933511	0.000000	0.000000	0.000000
3.286078	1.827061	2.783027	0.000000	0.000000	0.000000
3.288617	1.239657	5.841334	0.000000	0.000000	0.000000
3.347082	1.337210	5.849548	0.000000	0.000000	0.000000
3.350039	1.263896	6.423022	0.000000	0.000000	0.000000
3.343527	1.818543	4.112926	0.000000	0.000000	0.000000
3.286078	1.830939	2.785189	0.000000	0.000000	0.000000
3.157093	1.384484	3.833613	0.000000	0.000000	0.000000
3.313004	1.726425	3.397316	0.000000	0.000000	0.000000
3.286180	1.968350	3.149243	0.000000	0.000000	0.000000
3.162150	1.290431	4.804237	0.000000	0.000000	0.000000
3.310723	1.299983	5.587071	0.000000	0.000000	0.000000
3.336021	1.333217	5.697117	0.000000	0.000000	0.000000
3.163976	1.380049	3.883364	0.000000	0.000000	0.000000
3.311175	1.726425	3.358790	0.000000	0.000000	0.000000
3.289042	1.464211	4.099168	0.000000	0.000000	0.000000
3.073581	2.259779	1.892227	0.000000	0.000000	0.000000
3.210138	1.206304	5.712207	0.000000	0.000000	0.000000
3.299024	1.245683	5.894468	0.000000	0.000000	0.000000
3.986487	1.709399	43.587866	0.000000	0.000000	0.000000
3.362876	1.678721	4.621574	0.000000	0.000000	0.000000
3.055412	2.353563	3.017838	0.000000	0.000000	0.000000
3.128303	1.378824	3.910290	0.000000	0.000000	0.000000
2.938740	1.704527	1.770636	0.000000	0.000000	0.000000
3.293467	1.725110	3.004966	0.000000	0.000000	0.000000
3.315888	0.988736	8.293166	0.000000	0.000000	0.000000
3.205218	1.379985	4.000638	0.000000	0.000000	0.000000
3.288671	1.967289	3.203067	0.000000	0.000000	0.000000
3.383498	1.830939	5.263627	0.000000	0.000000	0.000000
3.311279	1.832816	3.339160	0.000000	0.000000	0.000000
3.042314	2.302595	2.118689	0.000000	0.000000	0.000000
3.075057	1.863856	0.305679	0.000000	0.000000	0.000000
3.309699	2.235835	6.508423	0.000000	0.000000	0.000000
3.307105	1.466089	4.350824	0.000000	0.000000	0.000000
3.289042	1.581258	3.422856	0.000000	0.000000	0.000000
2.959293	1.705018	1.574072	0.000000	0.000000	0.000000
3.267250	1.720178	2.544974	0.000000	0.000000	0.000000
3.055274	1.378824	4.258247	0.000000	0.000000	0.000000
3.311175	1.726425	3.358790	0.000000	0.000000	0.000000
3.286180	1.968350	3.149243	0.000000	0.000000	0.000000
3.293467	1.725110	3.004966	0.000000	0.000000	0.000000
3.362876	1.678721	4.621574	0.000000	0.000000	0.000000
3.299024	1.245683	5.894468	0.000000	0.000000	0.000000
3.128303	1.378824	3.910290	0.000000	0.000000	0.000000
3.293259	1.285446	5.499605	0.000000	0.000000	0.000000
3.156985	1.827061	0.884716	0.000000	0.000000	0.000000
3.286185	1.629799	3.159962	0.000000	0.000000	0.000000
3.161294	1.457101	3.146449	0.000000	0.000000	0.000000
3.294223	1.796781	2.946024	0.000000	0.000000	0.000000
3.167389	1.423491	3.470461	0.000000	0.000000	0.000000
3.346720	1.380049	5.556345	0.000000	0.000000	0.000000
3.050354	1.254084	5.844447	0.000000	0.000000	0.000000
3.355097	2.363375	10.630743	0.000000	0.000000	0.000000
3.314389	2.081006	4.685095	0.000000	0.000000	0.000000
3.279669	2.122128	4.141475	0.000000	0.000000	0.000000
3.154540	1.333378	4.355761	0.000000	0.000000	0.000000
3.301844	1.384594	4.827935	0.000000	0.000000	0.000000
3.124269	1.380049	3.905518	0.000000	0.000000	0.000000
3.262565	2.347255	7.106996	0.000000	0.000000	0.000000
2.938740	2.001791	0.133984	0.000000	0.000000	0.000000
3.157093	1.595580	1.999053	0.000000	0.000000	0.000000
3.293467	1.725110	3.004966	0.000000	0.000000	0.000000
3.311175	1.726425	3.358790	0.000000	0.000000	0.000000
3.311279	1.679571	3.456202	0.000000	0.000000	0.000000
3.362876	1.831966	4.662437	0.000000	0.000000	0.000000
3.174155	1.291566	4.790240	0.000000	0.000000	0.000000
3.276612	1.324852	4.999428	0.000000	0.000000	0.000000
3.055616	1.814789	0.446678	0.000000	0.000000	0.000000
3.272776	2.318745	6.840488	0.000000	0.000000	0.000000
3.286180	1.710461	2.899583	0.000000	0.000000	0.000000
3.287803	1.720669	2.906622	0.000000	0.000000	0.000000
3.075276	1.378824	4.121671	0.000000	0.000000	0.000000
3.088922	2.259779	2.071230	0.000000	0.000000	0.000000
3.161149	1.827075	0.922947	0.000000	0.000000	0.000000
2.418618	1.832032	12.511565	0.000000	0.000000	0.000000
3.333013	1.384484	5.293599	0.000000	0.000000	0.000000
3.345371	1.337210	5.820792	0.000000	0.000000	0.000000
3.279771	1.818543	2.652694	0.000000	0.000000	0.000000
3.343425	1.969664	4.664298	0.000000	0.000000	0.000000
3.210138	1.206306	5.712186	0.000000	0.000000	0.000000
3.296052	1.333485	5.142441	0.000000	0.000000	0.000000
3.587516	1.818543	13.618476	0.000000	0.000000	0.000000
3.314389	2.081006	4.685095	0.000000	0.000000	0.000000
3.289037	1.379495	4.702134	0.000000	0.000000	0.000000
3.289042	1.464211	4.099168	0.000000	0.000000	0.000000
3.299024	1.245683	5.894468	0.000000	0.000000	0.000000
3.205218	1.379985	4.000638	0.000000	0.000000	0.000000
3.157268	1.595580	1.999846	0.000000	0.000000	0.000000
3.160974	1.827075	0.921306	0.000000	0.000000	0.000000
3.651354	1.577119	16.026132	0.000000	0.000000	0.000000
3.293467	1.729249	2.997312	0.000000	0.000000	0.000000
3.047765	1.818543	0.427740	0.000000	0.000000	0.000000
3.287622	1.814789	2.810425	0.000000	0.000000	0.000000
3.362876	1.836100	4.671862	0.000000	0.000000	0.000000
3.286180	1.964216	3.129690	0.000000	0.000000	0.000000
3.362876	1.712239	4.582684	0.000000	0.000000	0.000000
3.088922	2.226261	1.681731	0.000000	0.000000	0.000000
2.931843	1.378824	5.747484	0.000000	0.000000	0.000000
3.062170	2.001791	0.148205	0.000000	0.000000	0.000000
3.289042	1.464211	4.099168	0.000000	0.000000	0.000000
3.314389	2.081006	4.685095	0.000000	0.000000	0.000000
3.155646	1.820271	0.887794	0.000000	0.000000	0.000000
3.290010	1.974078	3.268640	0.000000	0.000000	0.000000
3.488976	1.629799	8.586059	0.000000	0.000000	0.000000
3.161294	1.457101	3.146449	0.000000	0.000000	0.000000
3.279669	2.116609	4.084681	0.000000	0.000000	0.000000
3.042314	2.308114	2.193941	0.000000	0.000000	0.000000
3.118182	1.337931	4.379171	0.000000	0.000000	0.000000
3.317262	1.768543	3.450737	0.000000	0.000000	0.000000
3.075276	1.388627	4.009501	0.000000	0.000000	0.000000
3.314389	2.071204	4.593837	0.000000	0.000000	0.000000
3.267250	1.720178	2.544974	0.000000	0.000000	0.000000
3.286180	1.660058	3.046611	0.000000	0.000000	0.000000
3.070808	1.416247	3.723286	0.000000	0.000000	0.000000
3.171638	1.871099	0.972778	0.000000	0.000000	0.000000
3.287803	1.720669	2.906622	0.000000	0.000000	0.000000
3.175922	1.379985	3.902909	0.000000	0.000000	0.000000
3.161149	1.827075	0.922947	0.000000	0.000000	0.000000
2.959293	1.705018	1.574072	0.000000	0.000000	0.000000
3.124269	0.947125	8.957725	0.000000	0.000000	0.000000
3.288671	1.967289	3.203067	0.000000	0.000000	0.000000
3.286335	1.796781	2.785158	0.000000	0.000000	0.000000
3.294068	1.710461	3.046597	0.000000	0.000000	0.000000
3.291161	1.476036	4.051652	0.000000	0.000000	0.000000
3.307580	2.224010	6.255318	0.000000	0.000000	0.000000
2.870139	2.001791	0.593431	0.000000	0.000000	0.000000
4.296206	1.595580	81.981097	0.000000	0.000000	0.000000
3.286185	1.629799	3.159962	0.000000	0.000000	0.000000
3.167389	1.423491	3.470461	0.000000	0.000000	0.000000
3.088922	2.259779	2.071230	0.000000	0.000000	0.000000
3.161294	1.646205	1.683579	0.000000	0.000000	0.000000
3.280882	1.818543	2.674792	0.000000	0.000000	0.000000
3.310064	1.888680	3.419863	0.000000	0.000000	0.000000
3.286180	1.968350	3.149243	0.000000	0.000000	0.000000
3.293467	1.725110	3.004966	0.000000	0.000000	0.000000
3.055487	1.378824	4.256634	0.000000	0.000000	0.000000
3.075064	1.378824	4.122963	0.000000	0.000000	0.000000
3.287803	1.718662	2.910906	0.000000	0.000000	0.000000
3.156985	1.829068	0.880550	0.000000	0.000000	0.000000
3.056861	2.089178	0.365672	0.000000	0.000000	0.000000
3.299842	2.619273	16.279544	0.000000	0.000000	0.000000
3.267250	1.720178	2.544974	0.000000	0.000000	0.000000
3.116885	1.337210	4.391679	0.000000	0.000000	0.000000
3.128303	1.378824	3.910290	0.000000	0.000000	0.000000
3.075057	1.863856	0.305679	0.000000	0.000000	0.000000
3.056974	1.269949	5.578287	0.000000	0.000000	0.000000
3.297666	1.790523	3.019002	0.000000	0.000000	0.000000
3.406889	1.796687	5.910445	0.000000	0.000000	0.000000
3.285127	1.827169	2.763516	0.000000	0.000000	0.000000
3.280882	1.818543	2.674792	0.000000	0.000000	0.000000
3.075057	1.863856	0.305679	0.000000	0.000000	0.000000
3.047765	1.818543	0.427740	0.000000	0.000000	0.000000
3.156985	1.829068	0.880550	0.000000	0.000000	0.000000
3.070808	2.130768	0.687607	0.000000	0.000000	0.000000
3.155646	1.670323	1.506628	0.000000	0.000000	0.000000
3.293467	1.712424	3.030858	0.000000	0.000000	0.000000
3.362876	1.724925	4.574515	0.000000	0.000000	0.000000
3.042484	2.308114	2.195578	0.000000	0.000000	0.000000
3.056691	2.089178	0.364627	0.000000	0.000000	0.000000
3.172503	1.458935	3.160889	0.000000	0.000000	0.000000
3.279951	1.474202	3.911044	0.000000	0.000000	0.000000
3.352448	1.595580	4.579029	0.000000	0.000000	0.000000
3.317262	1.768543	3.450737	0.000000	0.000000	0.000000
2.959293	1.705018	1.574072	0.000000	0.000000	0.000000
3.293467	1.729249	2.997312	0.000000	0.000000	0.000000
3.175922	1.379985	3.902909	0.000000	0.000000	0.000000
3.161149	1.827075	0.922947	0.000000	0.000000	0.000000
2.869328	1.728866	2.381103	0.000000	0.000000	0.000000
3.294879	1.983385	3.436489	0.000000	0.000000	0.000000
3.286180	2.142804	4.541038	0.000000	0.000000	0.000000
3.161294	1.646205	1.683579	0.000000	0.000000	0.000000
3.075064	1.378824	4.122963	0.000000	0.000000	0.000000
3.062170	2.001791	0.148205	0.000000	0.000000	0.000000
3.071492	1.732654	0.886044	0.000000	0.000000	0.000000
3.284680	2.213786	5.417122	0.000000	0.000000	0.000000
3.171638	1.871099	0.972778	0.000000	0.000000	0.000000
3.287803	1.718662	2.910906	0.000000	0.000000	0.000000
3.088922	2.226261	1.681731	0.000000	0.000000	0.000000
3.160974	1.827075	0.921306	0.000000	0.000000	0.000000
3.056861	2.089178	0.365672	0.000000	0.000000	0.000000
3.287803	1.718662	2.910906	0.000000	0.000000	0.000000
3.159762	1.820271	0.924578	0.000000	0.000000	0.000000
3.283506	1.814789	2.726824	0.000000	0.000000	0.000000
3.156985	1.829068	0.880550	0.000000	0.000000	0.000000
3.651354	1.577119	16.026132	0.000000	0.000000	0.000000
3.075276	1.388627	4.009501	0.000000	0.000000	0.000000
2.870139	2.001791	0.593431	0.000000	0.000000	0.000000
3.162393	1.476036	2.979336	0.000000	0.000000	0.000000
3.290061	1.457101	4.160426	0.000000	0.000000	0.000000
3.267250	1.719124	2.547658	0.000000	0.000000	0.000000
3.286335	1.797836	2.784862	0.000000	0.000000	0.000000
3.293467	1.729249	2.997312	0.000000	0.000000	0.000000
3.294068	1.710461	3.046597	0.000000	0.000000	0.000000
3.088922	2.259779	2.071230	0.000000	0.000000	0.000000
3.075057	1.863856	0.305679	0.000000	0.000000	0.000000
3.047765	1.818543	0.427740	0.000000	0.000000	0.000000
3.280882	1.818543	2.674792	0.000000	0.000000	0.000000
3.369569	1.712207	4.757490	0.000000	0.000000	0.000000
3.360195	1.725142	4.504942	0.000000	0.000000	0.000000
3.046567	2.308114	2.235475	0.000000	0.000000	0.000000
3.281933	1.629799	3.089939	0.000000	0.000000	0.000000
3.279669	1.622019	3.086333	0.000000	0.000000	0.000000
3.659140	1.615758	16.573686	0.000000	0.000000	0.000000
3.161294	1.646205	1.683579	0.000000	0.000000	0.000000
3.290010	1.974078	3.268640	0.000000	0.000000	0.000000
3.288671	1.872068	2.890119	0.000000	0.000000	0.000000
3.171638	1.966320	1.053320	0.000000	0.000000	0.000000
3.161294	1.646205	1.683579	0.000000	0.000000	0.000000
3.286335	1.797836	2.784862	0.000000	0.000000	0.000000
3.056691	1.775798	0.638064	0.000000	0.000000	0.000000
3.317262	2.081923	4.776694	0.000000	0.000000	0.000000
2.957937	1.355660	5.659647	0.000000	0.000000	0.000000
3.076419	1.728183	0.914974	0.000000	0.000000	0.000000
3.156619	1.829068	0.877244	0.000000	0.000000	0.000000
3.172004	1.871099	0.976863	0.000000	0.000000	0.000000
3.283506	1.814789	2.726824	0.000000	0.000000	0.000000
3.042484	2.308114	2.195578	0.000000	0.000000	0.000000
3.048635	1.818543	0.427786	0.000000	0.000000	0.000000
3.160424	1.646205	1.678532	0.000000	0.000000	0.000000
3.280882	1.818543	2.674792	0.000000	0.000000	0.000000
3.156985	1.829068	0.880550	0.000000	0.000000	0.000000
2.860414	1.692284	2.894885	0.000000	0.000000	0.000000
3.065775	2.125760	0.617144	0.000000	0.000000	0.000000
2.976981	1.660126	1.833257	0.000000	0.000000	0.000000
3.285127	1.837366	2.769914	0.000000	0.000000	0.000000
3.067540	1.719124	0.971293	0.000000	0.000000	0.000000
3.261880	2.001791	2.767409	0.000000	0.000000	0.000000
3.290010	1.862689	2.903254	0.000000	0.000000	0.000000
3.075057	1.975245	0.186498	0.000000	0.000000	0.000000
2.870139	2.001791	0.593431	0.000000	0.000000	0.000000
3.175922	1.379985	3.902909	0.000000	0.000000	0.000000
3.078445	1.817050	0.470616	0.000000	0.000000	0.000000
2.692341	1.867077	4.225473	0.000000	0.000000	0.000000
3.160974	1.827075	0.921306	0.000000	0.000000	0.000000
3.161149	1.827075	0.922947	0.000000	0.000000	0.000000
3.175016	1.718662	1.397982	0.000000	0.000000	0.000000
3.284426	1.966320	3.098469	0.000000	0.000000	0.000000
3.175922	1.379985	3.902909	0.000000	0.000000	0.000000
3.290329	1.974078	3.276314	0.000000	0.000000	0.000000
3.062170	2.001791	0.148205	0.000000	0.000000	0.000000
3.075057	1.863856	0.305679	0.000000	0.000000	0.000000
3.056861	2.089178	0.365672	0.000000	0.000000	0.000000
3.288671	1.872068	2.890119	0.000000	0.000000	0.000000
3.161149	1.827075	0.922947	0.000000	0.000000	0.000000
3.293467	1.729249	2.997312	0.000000	0.000000	0.000000
3.075057	1.821102	0.447083	0.000000	0.000000	0.000000
3.159762	1.863025	0.854051	0.000000	0.000000	0.000000
3.056691	0.739151	12.381157	0.000000	0.000000	0.000000
4.208245	2.130768	81.204223	0.000000	0.000000	0.000000
3.360195	1.714146	4.512356	0.000000	0.000000	0.000000
3.156985	1.840064	0.859650	0.000000	0.000000	0.000000
2.963223	1.705018	1.540699	0.000000	0.000000	0.000000
3.157044	1.755140	1.102696	0.000000	0.000000	0.000000
3.161294	1.646205	1.683579	0.000000	0.000000	0.000000
3.047765	1.818543	0.427740	0.000000	0.000000	0.000000
3.042484	1.498698	2.988777	0.000000	0.000000	0.000000
3.258223	2.380402	7.689531	0.000000	0.000000	0.000000
3.071492	1.732654	0.886044	0.000000	0.000000	0.000000
3.047765	1.818543	0.427740	0.000000	0.000000	0.000000
3.267250	1.721826	2.540830	0.000000	0.000000	0.000000
3.361194	1.795133	4.552950	0.000000	0.000000	0.000000
2.738424	1.818543	3.741808	0.000000	0.000000	0.000000
3.274366	1.492317	3.719158	0.000000	0.000000	0.000000
3.156985	1.842395	0.855640	0.000000	0.000000	0.000000
3.193836	2.246451	3.632457	0.000000	0.000000	0.000000
2.898916	1.245725	8.322700	0.000000	0.000000	0.000000
3.142861	2.003584	0.801158	0.000000	0.000000	0.000000
3.075057	1.863856	0.305679	0.000000	0.000000	0.000000
3.065775	2.125760	0.617144	0.000000	0.000000	0.000000
3.071310	1.975245	0.167356	0.000000	0.000000	0.000000
3.293756	1.862689	2.985298	0.000000	0.000000	0.000000
3.078445	1.817050	0.470616	0.000000	0.000000	0.000000
3.067540	1.719124	0.971293	0.000000	0.000000	0.000000
2.870139	1.964870	0.708337	0.000000	0.000000	0.000000
3.284426	2.003241	3.295026	0.000000	0.000000	0.000000
3.048635	1.818543	0.427786	0.000000	0.000000	0.000000
3.056691	1.775798	0.638064	0.000000	0.000000	0.000000
3.161294	1.636591	1.743609	0.000000	0.000000	0.000000
2.505717	1.872639	9.090505	0.000000	0.000000	0.000000
3.047765	1.702881	1.107677	0.000000	0.000000	0.000000
3.172004	1.871099	0.976863	0.000000	0.000000	0.000000
3.175016	1.718951	1.396718	0.000000	0.000000	0.000000
3.071492	2.057827	0.335680	0.000000	0.000000	0.000000
4.278588	1.841256	84.125365	0.000000	0.000000	0.000000
3.280882	1.829589	2.678297	0.000000	0.000000	0.000000
3.285127	1.479432	3.945830	0.000000	0.000000	0.000000
3.062170	2.004540	0.151943	0.000000	0.000000	0.000000
3.161294	1.646205	1.683579	0.000000	0.000000	0.000000
2.976981	1.660126	1.833257	0.000000	0.000000	0.000000
3.022949	1.821102	0.438100	0.000000	0.000000	0.000000
3.193836	2.246451	3.632457	0.000000	0.000000	0.000000
3.049713	1.727796	0.932054	0.000000	0.000000	0.000000
3.074471	1.818929	0.454326	0.000000	0.000000	0.000000
3.283506	1.815077	2.726860	0.000000	0.000000	0.000000
3.161149	1.826787	0.923530	0.000000	0.000000	0.000000
3.156985	1.840064	0.859650	0.000000	0.000000	0.000000
3.056861	2.089178	0.365672	0.000000	0.000000	0.000000
3.160974	1.827075	0.921306	0.000000	0.000000	0.000000
3.159762	1.863025	0.854051	0.000000	0.000000	0.000000
3.063859	1.492317	2.935634	0.000000	0.000000	0.000000
3.267198	1.751002	2.476902	0.000000	0.000000	0.000000
3.175016	1.731224	1.344594	0.000000	0.000000	0.000000
3.156985	1.816506	0.908384	0.000000	0.000000	0.000000
3.156985	1.840064	0.859650	0.000000	0.000000	0.000000
3.160424	1.646205	1.678532	0.000000	0.000000	0.000000
3.290329	1.925204	3.067646	0.000000	0.000000	0.000000
2.928541	2.030825	0.157098	0.000000	0.000000	0.000000
3.056861	1.655817	1.443380	0.000000	0.000000	0.000000
2.976981	2.093486	0.131304	0.000000	0.000000	0.000000
3.261205	1.705084	2.488423	0.000000	0.000000	0.000000
3.294142	2.001791	3.524993	0.000000	0.000000	0.000000
3.048124	1.816682	0.436116	0.000000	0.000000	0.000000
3.074698	1.952042	0.177867	0.000000	0.000000	0.000000
3.156985	1.842395	0.855640	0.000000	0.000000	0.000000
3.067540	2.146259	0.763437	0.000000	0.000000	0.000000
3.065775	1.654579	1.434705	0.000000	0.000000	0.000000
3.161294	2.117386	1.650220	0.000000	0.000000	0.000000
2.987927	1.818543	0.561378	0.000000	0.000000	0.000000
2.731875	1.827075	3.788118	0.000000	0.000000	0.000000
2.972729	1.821102	0.622136	0.000000	0.000000	0.000000
3.288671	1.553748	3.557164	0.000000	0.000000	0.000000
3.280882	1.818543	2.674792	0.000000	0.000000	0.000000
3.251205	1.818543	2.124069	0.000000	0.000000	0.000000
3.075057	1.973675	0.185474	0.000000	0.000000	0.000000
3.042484	2.309684	2.217272	0.000000	0.000000	0.000000
3.060789	2.001939	0.141873	0.000000	0.000000	0.000000
3.144242	2.003435	0.816520	0.000000	0.000000	0.000000
3.078445	1.817050	0.470616	0.000000	0.000000	0.000000
3.156985	1.840064	0.859650	0.000000	0.000000	0.000000
4.161847	1.818929	66.479237	0.000000	0.000000	0.000000
3.049713	1.727796	0.932054	0.000000	0.000000	0.000000
3.097208	1.821102	0.515073	0.000000	0.000000	0.000000
3.065356	2.146259	0.745778	0.000000	0.000000	0.000000
2.890658	1.818543	1.325135	0.000000	0.000000	0.000000
3.165564	2.183893	2.325413	0.000000	0.000000	0.000000
3.081915	1.818543	0.473633	0.000000	0.000000	0.000000
3.244346	1.973675	2.267904	0.000000	0.000000	0.000000
3.022949	1.544320	2.635652	0.000000	0.000000	0.000000
3.288671	1.830530	2.838891	0.000000	0.000000	0.000000
2.856253	1.813855	1.785483	0.000000	0.000000	0.000000
3.174860	1.978090	1.126691	0.000000	0.000000	0.000000
3.060729	2.089178	0.390029	0.000000	0.000000	0.000000
3.157426	1.646205	1.661638	0.000000	0.000000	0.000000
3.156985	1.840064	0.859650	0.000000	0.000000	0.000000
3.280882	1.818543	2.674792	0.000000	0.000000	0.000000
3.161149	1.826787	0.923530	0.000000	0.000000	0.000000
3.048124	1.816682	0.436116	0.000000	0.000000	0.000000
3.089772	1.637457	1.544256	0.000000	0.000000	0.000000
3.161294	2.124893	1.709033	0.000000	0.000000	0.000000
2.934137	1.978115	0.193729	0.000000	0.000000	0.000000
2.027486	2.027955	24.372149	0.000000	0.000000	0.000000
2.976981	1.653600	1.894796	0.000000	0.000000	0.000000
3.057910	2.094465	0.396022	0.000000	0.000000	0.000000
3.062170	2.004540	0.151943	0.000000	0.000000	0.000000
2.987927	1.818543	0.561378	0.000000	0.000000	0.000000
3.060789	2.856666	19.320493	0.000000	0.000000	0.000000
3.144242	2.003435	0.816520	0.000000	0.000000	0.000000
3.071492	1.838159	0.376251	0.000000	0.000000	0.000000
3.156985	2.059731	1.212848	0.000000	0.000000	0.000000
3.056861	1.965581	0.102429	0.000000	0.000000	0.000000
3.071310	2.098842	0.509801	0.000000	0.000000	0.000000
2.987927	1.818543	0.561378	0.000000	0.000000	0.000000
2.094391	2.030825	21.611662	0.000000	0.000000	0.000000
3.023231	1.705652	1.163449	0.000000	0.000000	0.000000
3.047483	1.818331	0.428686	0.000000	0.000000	0.000000
3.063787	1.371247	4.285251	0.000000	0.000000	0.000000
3.075129	1.932090	0.187764	0.000000	0.000000	0.000000
3.060789	1.886519	0.209595	0.000000	0.000000	0.000000
3.172004	1.986519	1.112560	0.000000	0.000000	0.000000
3.065775	2.125760	0.617144	0.000000	0.000000	0.000000
2.940220	2.309684	1.627328	0.000000	0.000000	0.000000
2.972282	2.014582	0.023739	0.000000	0.000000	0.000000
3.079757	2.118408	0.685931	0.000000	0.000000	0.000000
3.050594	1.705956	1.079913	0.000000	0.000000	0.000000
3.158824	1.798125	0.972200	0.000000	0.000000	0.000000
2.942464	1.824373	0.799575	0.000000	0.000000	0.000000
3.018527	1.948771	0.037403	0.000000	0.000000	0.000000
3.078445	1.725262	0.933911	0.000000	0.000000	0.000000
3.049713	1.819584	0.423312	0.000000	0.000000	0.000000
3.054047	1.718951	0.984533	0.000000	0.000000	0.000000
3.169604	1.818543	1.021952	0.000000	0.000000	0.000000
2.868620	1.964870	0.723141	0.000000	0.000000	0.000000
3.075991	1.818929	0.457611	0.000000	0.000000	0.000000
3.062170	1.835552	0.368413	0.000000	0.000000	0.000000
3.156985	2.009052	0.989166	0.000000	0.000000	0.000000
3.319769	1.766138	3.508086	0.000000	0.000000	0.000000
3.144242	2.013095	0.847569	0.000000	0.000000	0.000000
3.023781	2.146259	0.480980	0.000000	0.000000	0.000000
3.064806	1.705652	1.062306	0.000000	0.000000	0.000000
3.081915	1.817358	0.478167	0.000000	0.000000	0.000000
3.161149	1.827972	0.921147	0.000000	0.000000	0.000000
3.097208	1.965142	0.312868	0.000000	0.000000	0.000000
3.071492	1.838159	0.376251	0.000000	0.000000	0.000000
3.071310	2.098842	0.509801	0.000000	0.000000	0.000000
2.972282	2.014582	0.023739	0.000000	0.000000	0.000000
3.463773	1.816682	7.976527	0.000000	0.000000	0.000000
2.934137	1.978115	0.193729	0.000000	0.000000	0.000000
3.047483	1.818331	0.428686	0.000000	0.000000	0.000000
3.075991	1.818929	0.457611	0.000000	0.000000	0.000000
2.976981	1.653600	1.894796	0.000000	0.000000	0.000000
3.089772	1.637457	1.544256	0.000000	0.000000	0.000000
3.144242	1.972997	0.739689	0.000000	0.000000	0.000000
3.244346	2.004113	2.408610	0.000000	0.000000	0.000000
3.075129	1.932090	0.187764	0.000000	0.000000	0.000000
2.890658	1.818543	1.325135	0.000000	0.000000	0.000000
2.942464	1.824373	0.799575	0.000000	0.000000	0.000000
3.056861	1.965581	0.102429	0.000000	0.000000	0.000000
3.067761	1.798125	0.532379	0.000000	0.000000	0.000000
3.090749	2.094465	0.646896	0.000000	0.000000	0.000000
3.060729	1.835782	0.365514	0.000000	0.000000	0.000000
3.133454	2.088948	1.070682	0.000000	0.000000	0.000000
3.068088	1.986519	0.159952	0.000000	0.000000	0.000000
3.164705	1.511682	2.680618	0.000000	0.000000	0.000000
3.062170	2.004540	0.151943	0.000000	0.000000	0.000000
3.156985	2.009052	0.989166	0.000000	0.000000	0.000000
3.018527	1.924296	0.078876	0.000000	0.000000	0.000000
3.475996	2.013095	9.862358	0.000000	0.000000	0.000000
2.871464	1.813045	1.594664	0.000000	0.000000	0.000000
3.059918	1.932899	0.129222	0.000000	0.000000	0.000000
3.331068	2.003435	4.526587	0.000000	0.000000	0.000000
3.139698	1.838159	0.716039	0.000000	0.000000	0.000000
2.664220	1.964870	3.977895	0.000000	0.000000	0.000000
3.081915	1.818543	0.473633	0.000000	0.000000	0.000000
3.050309	1.593394	2.000767	0.000000	0.000000	0.000000
3.053451	1.809451	0.469865	0.000000	0.000000	0.000000
3.060969	1.886519	0.210020	0.000000	0.000000	0.000000
3.097029	1.552349	2.250318	0.000000	0.000000	0.000000
3.057910	1.976542	0.108411	0.000000	0.000000	0.000000
3.056861	2.083504	0.341387	0.000000	0.000000	0.000000
2.984558	1.822463	0.554608	0.000000	0.000000	0.000000
3.083126	1.857623	0.349238	0.000000	0.000000	0.000000
3.060789	1.875077	0.238477	0.000000	0.000000	0.000000
3.161149	2.808376	19.631792	0.000000	0.000000	0.000000
2.940220	1.861235	0.598630	0.000000	0.000000	0.000000
3.156985	2.288512	3.519193	0.000000	0.000000	0.000000
2.972969	1.946572	0.102767	0.000000	0.000000	0.000000
2.351330	2.016782	12.271211	0.000000	0.000000	0.000000
3.157426	1.449200	3.211112	0.000000	0.000000	0.000000
3.060729	2.089178	0.390029	0.000000	0.000000	0.000000
2.991845	1.818543	0.544531	0.000000	0.000000	0.000000
3.058253	2.004540	0.133614	0.000000	0.000000	0.000000
3.065411	1.818929	0.438498	0.000000	0.000000	0.000000
3.076355	1.451849	3.304145	0.000000	0.000000	0.000000
3.028896	1.710890	1.103051	0.000000	0.000000	0.000000
3.193702	1.981586	1.410003	0.000000	0.000000	0.000000
2.834685	2.098842	0.806983	0.000000	0.000000	0.000000
2.934137	1.905304	0.425563	0.000000	0.000000	0.000000
3.075129	1.932090	0.187764	0.000000	0.000000	0.000000
2.934137	1.824513	0.863922	0.000000	0.000000	0.000000
3.036007	2.013095	0.060943	0.000000	0.000000	0.000000
3.487472	1.818331	8.927624	0.000000	0.000000	0.000000
2.944442	1.823073	0.793013	0.000000	0.000000	0.000000
3.066110	1.534915	2.493950	0.000000	0.000000	0.000000
3.071492	1.838159	0.376251	0.000000	0.000000	0.000000
3.071310	2.098842	0.509801	0.000000	0.000000	0.000000
3.053927	1.797246	0.527933	0.000000	0.000000	0.000000
3.082650	1.869828	0.316119	0.000000	0.000000	0.000000
3.081915	1.818543	0.473633	0.000000	0.000000	0.000000
3.075991	1.818929	0.457611	0.000000	0.000000	0.000000
3.566807	1.795395	12.416858	0.000000	0.000000	0.000000
3.018527	1.927026	0.073332	0.000000	0.000000	0.000000
3.056899	1.976542	0.104476	0.000000	0.000000	0.000000
2.762337	2.083504	1.664452	0.000000	0.000000	0.000000
3.060729	1.972308	0.118281	0.000000	0.000000	0.000000
3.056861	2.082451	0.337014	0.000000	0.000000	0.000000
2.871283	1.800791	1.696677	0.000000	0.000000	0.000000
3.062351	2.016794	0.172708	0.000000	0.000000	0.000000
2.969608	1.857142	0.443206	0.000000	0.000000	0.000000
3.063403	1.993222	0.143948	0.000000	0.000000	0.000000
3.023781	1.974590	0.019849	0.000000	0.000000	0.000000
3.138728	2.136538	1.471386	0.000000	0.000000	0.000000
3.058274	1.818929	0.430544	0.000000	0.000000	0.000000
3.065390	2.004540	0.167909	0.000000	0.000000	0.000000
3.057295	1.933375	0.120570	0.000000	0.000000	0.000000
3.146865	1.972521	0.767535	0.000000	0.000000	0.000000
2.935037	1.946572	0.268788	0.000000	0.000000	0.000000
3.547920	1.905304	12.233045	0.000000	0.000000	0.000000
2.985997	1.814136	0.595335	0.000000	0.000000	0.000000
3.059350	1.578064	2.107433	0.000000	0.000000	0.000000
2.972969	1.947226	0.101282	0.000000	0.000000	0.000000
3.097208	1.964488	0.312356	0.000000	0.000000	0.000000
3.060958	1.818668	0.434174	0.000000	0.000000	0.000000
3.065182	2.093434	0.439293	0.000000	0.000000	0.000000
2.972282	2.014582	0.023739	0.000000	0.000000	0.000000
3.068088	1.986519	0.159952	0.000000	0.000000	0.000000
3.302124	1.932090	3.372539	0.000000	0.000000	0.000000
3.075864	2.146259	0.834210	0.000000	0.000000	0.000000
2.976981	1.653600	1.894796	0.000000	0.000000	0.000000
3.076355	1.451849	3.304145	0.000000	0.000000	0.000000
2.871464	1.813045	1.594664	0.000000	0.000000	0.000000
3.006386	1.924296	0.085900	0.000000	0.000000	0.000000
2.979695	2.007324	0.013100	0.000000	0.000000	0.000000
3.205852	1.818543	1.438497	0.000000	0.000000	0.000000
3.083126	1.699592	1.099453	0.000000	0.000000	0.000000
3.064806	1.863683	0.279237	0.000000	0.000000	0.000000
2.930869	2.004540	0.167000	0.000000	0.000000	0.000000
2.909412	2.094465	0.282086	0.000000	0.000000	0.000000
2.940220	1.861235	0.598630	0.000000	0.000000	0.000000
3.058253	2.004540	0.133614	0.000000	0.000000	0.000000
3.056861	1.965581	0.102429	0.000000	0.000000	0.000000
3.059918	1.932899	0.129222	0.000000	0.000000	0.000000
3.057910	1.976542	0.108411	0.000000	0.000000	0.000000
3.060969	1.886519	0.210020	0.000000	0.000000	0.000000
2.934137	1.987320	0.176385	0.000000	0.000000	0.000000
2.834685	2.089637	0.805999	0.000000	0.000000	0.000000
2.933764	2.083504	0.171294	0.000000	0.000000	0.000000
3.057234	1.362290	4.439982	0.000000	0.000000	0.000000
3.057556	1.933375	0.121359	0.000000	0.000000	0.000000
3.060469	1.972308	0.117223	0.000000	0.000000	0.000000
3.058253	2.053607	0.241190	0.000000	0.000000	0.000000
3.056899	2.003704	0.126483	0.000000	0.000000	0.000000
3.066110	1.534915	2.493950	0.000000	0.000000	0.000000
3.071310	2.098842	0.509801	0.000000	0.000000	0.000000
2.972031	1.932090	0.142220	0.000000	0.000000	0.000000
3.372658	1.857142	5.013472	0.000000	0.000000	0.000000
3.062351	2.016794	0.172708	0.000000	0.000000	0.000000
2.972282	2.014582	0.023739	0.000000	0.000000	0.000000
3.023781	1.836454	0.364812	0.000000	0.000000	0.000000
3.071492	1.976296	0.168913	0.000000	0.000000	0.000000
2.940220	1.861235	0.598630	0.000000	0.000000	0.000000
3.036007	2.013095	0.060943	0.000000	0.000000	0.000000
2.988713	1.992312	0.007430	0.000000	0.000000	0.000000
3.054385	2.008235	0.121545	0.000000	0.000000	0.000000
3.083126	1.716009	0.994286	0.000000	0.000000	0.000000
3.279963	1.930154	2.850425	0.000000	0.000000	0.000000
2.909412	1.919300	0.545031	0.000000	0.000000	0.000000
3.006386	2.099461	0.190491	0.000000	0.000000	0.000000
3.755473	1.931214	25.584393	0.000000	0.000000	0.000000
3.080298	1.948102	0.205914	0.000000	0.000000	0.000000
2.825295	1.935084	1.357110	0.000000	0.000000	0.000000
3.027918	2.081579	0.192673	0.000000	0.000000	0.000000
3.055976	1.738240	0.857056	0.000000	0.000000	0.000000
3.061843	2.046009	0.238654	0.000000	0.000000	0.000000
2.858425	2.082451	0.595978	0.000000	0.000000	0.000000
3.075991	1.818929	0.457611	0.000000	0.000000	0.000000
2.930152	1.933435	0.341155	0.000000	0.000000	0.000000
3.057910	1.976006	0.108215	0.000000	0.000000	0.000000
2.970526	1.965581	0.071810	0.000000	0.000000	0.000000
3.058617	2.189530	1.023686	0.000000	0.000000	0.000000
3.205852	1.778975	1.512250	0.000000	0.000000	0.000000
3.063403	2.032790	0.212354	0.000000	0.000000	0.000000
3.058253	2.004540	0.133614	0.000000	0.000000	0.000000
3.057910	1.976542	0.108411	0.000000	0.000000	0.000000
2.972969	1.578677	2.695271	0.000000	0.000000	0.000000
3.023781	1.974590	0.019849	0.000000	0.000000	0.000000
3.068088	1.986519	0.159952	0.000000	0.000000	0.000000
3.082650	1.869828	0.316119	0.000000	0.000000	0.000000
3.065182	2.084311	0.397787	0.000000	0.000000	0.000000
2.933764	2.092627	0.188117	0.000000	0.000000	0.000000
2.997997	1.972521	0.013917	0.000000	0.000000	0.000000
3.155253	1.924296	0.794376	0.000000	0.000000	0.000000
3.064806	1.817598	0.443198	0.000000	0.000000	0.000000
3.060958	1.864752	0.268062	0.000000	0.000000	0.000000
3.321646	1.816478	3.565256	0.000000	0.000000	0.000000
3.076225	2.096500	0.535565	0.000000	0.000000	0.000000
2.932026	1.987320	0.187026	0.000000	0.000000	0.000000
2.689419	2.016794	3.122416	0.000000	0.000000	0.000000
3.060969	1.881734	0.221625	0.000000	0.000000	0.000000
3.036007	2.017881	0.066960	0.000000	0.000000	0.000000
3.057295	1.933375	0.120570	0.000000	0.000000	0.000000
2.979695	2.007324	0.013100	0.000000	0.000000	0.000000
3.057469	1.932090	0.122432	0.000000	0.000000	0.000000
3.074558	1.976542	0.184779	0.000000	0.000000	0.000000
3.075864	2.146259	0.834210	0.000000	0.000000	0.000000
2.935037	1.946572	0.268788	0.000000	0.000000	0.000000
3.018527	1.825187	0.426720	0.000000	0.000000	0.000000
3.058274	1.920768	0.138665	0.000000	0.000000	0.000000
3.075772	1.784048	0.609418	0.000000	0.000000	0.000000
3.080517	1.818929	0.468476	0.000000	0.000000	0.000000
2.980822	1.976542	0.031734	0.000000	0.000000	0.000000
3.073431	2.007324	0.216046	0.000000	0.000000	0.000000
3.057295	1.933375	0.120570	0.000000	0.000000	0.000000
3.054385	2.008235	0.121545	0.000000	0.000000	0.000000
3.057556	1.933375	0.121359	0.000000	0.000000	0.000000
2.858425	2.082451	0.595978	0.000000	0.000000	0.000000
2.997997	1.972521	0.013917	0.000000	0.000000	0.000000
2.988713	1.992312	0.007430	0.000000	0.000000	0.000000
2.970526	1.525889	3.316482	0.000000	0.000000	0.000000
2.981675	2.018370	0.011405	0.000000	0.000000	0.000000
3.023781	1.974435	0.019907	0.000000	0.000000	0.000000
3.057910	1.976697	0.108470	0.000000	0.000000	0.000000
3.075864	1.987979	0.202307	0.000000	0.000000	0.000000
2.932026	2.145599	0.353262	0.000000	0.000000	0.000000
3.057910	1.976006	0.108215	0.000000	0.000000	0.000000
3.006386	2.099461	0.190491	0.000000	0.000000	0.000000
2.972282	2.014582	0.023739	0.000000	0.000000	0.000000
3.023781	1.836454	0.364812	0.000000	0.000000	0.000000
2.933764	2.254905	1.056138	0.000000	0.000000	0.000000
3.762366	2.091503	28.822207	0.000000	0.000000	0.000000
2.981514	2.017881	0.011439	0.000000	0.000000	0.000000
3.026524	1.932090	0.066295	0.000000	0.000000	0.000000
3.035862	2.013095	0.060512	0.000000	0.000000	0.000000
3.076370	2.116378	0.645397	0.000000	0.000000	0.000000
3.060991	1.877472	0.232563	0.000000	0.000000	0.000000
3.062329	2.021056	0.180742	0.000000	0.000000	0.000000
3.060958	1.864752	0.268062	0.000000	0.000000	0.000000
3.058274	1.920768	0.138665	0.000000	0.000000	0.000000
2.988001	1.992312	0.008149	0.000000	0.000000	0.000000
3.058622	1.976542	0.111232	0.000000	0.000000	0.000000
3.372658	1.857142	5.013472	0.000000	0.000000	0.000000
3.075991	1.818929	0.457611	0.000000	0.000000	0.000000
2.997997	1.932909	0.076943	0.000000	0.000000	0.000000
3.057295	1.972988	0.104929	0.000000	0.000000	0.000000
2.978380	1.986519	0.026052	0.000000	0.000000	0.000000
3.062677	1.578677	2.090025	0.000000	0.000000	0.000000
2.932026	1.764366	1.320138	0.000000	0.000000	0.000000
3.036007	2.017877	0.066955	0.000000	0.000000	0.000000
2.929322	2.092627	0.201682	0.000000	0.000000	0.000000
3.028223	1.836454	0.359100	0.000000	0.000000	0.000000
2.975143	2.107031	0.173718	0.000000	0.000000	0.000000
3.075862	2.098842	0.544697	0.000000	0.000000	0.000000
3.080298	1.947473	0.205982	0.000000	0.000000	0.000000
3.336470	1.976635	4.505794	0.000000	0.000000	0.000000
3.018583	1.974590	0.014262	0.000000	0.000000	0.000000
3.066167	1.881734	0.234534	0.000000	0.000000	0.000000
3.148399	2.003704	0.865915	0.000000	0.000000	0.000000
3.056625	1.965581	0.101575	0.000000	0.000000	0.000000
3.058253	2.004540	0.133614	0.000000	0.000000	0.000000
3.027918	2.686985	11.279748	0.000000	0.000000	0.000000
3.071492	1.976296	0.168913	0.000000	0.000000	0.000000
2.858425	2.082451	0.595978	0.000000	0.000000	0.000000
3.063403	2.032790	0.212354	0.000000	0.000000	0.000000
3.167759	1.933375	0.946058	0.000000	0.000000	0.000000
2.972282	2.014582	0.023739	0.000000	0.000000	0.000000
3.036007	2.013095	0.060943	0.000000	0.000000	0.000000
3.057660	1.522934	2.650491	0.000000	0.000000	0.000000
3.066724	1.932749	0.153046	0.000000	0.000000	0.000000
3.023781	1.973845	0.020137	0.000000	0.000000	0.000000
2.988001	1.992902	0.007861	0.000000	0.000000	0.000000
3.056625	1.965581	0.101575	0.000000	0.000000	0.000000
3.062329	2.021056	0.180742	0.000000	0.000000	0.000000
3.057910	1.976697	0.108470	0.000000	0.000000	0.000000
2.988713	1.992312	0.007430	0.000000	0.000000	0.000000
2.981514	2.014726	0.010838	0.000000	0.000000	0.000000
2.972282	1.949103	0.099158	0.000000	0.000000	0.000000
2.987053	2.375515	2.746116	0.000000	0.000000	0.000000
3.049580	2.004307	0.097030	0.000000	0.000000	0.000000
2.972282	2.014582	0.023739	0.000000	0.000000	0.000000
2.975143	2.107031	0.173718	0.000000	0.000000	0.000000
3.054385	1.969178	0.093687	0.000000	0.000000	0.000000
3.336470	2.015691	4.772300	0.000000	0.000000	0.000000
3.076370	2.542528	7.468968	0.000000	0.000000	0.000000
3.036007	2.017877	0.066955	0.000000	0.000000	0.000000
2.997997	1.972359	0.014073	0.000000	0.000000	0.000000
3.071492	1.976458	0.169018	0.000000	0.000000	0.000000
3.058049	1.976006	0.108764	0.000000	0.000000	0.000000
3.063263	2.032790	0.211586	0.000000	0.000000	0.000000
2.980139	1.933022	0.114754	0.000000	0.000000	0.000000
2.998681	1.976428	0.010026	0.000000	0.000000	0.000000
3.018182	1.575726	2.345853	0.000000	0.000000	0.000000
3.057956	2.031971	0.181660	0.000000	0.000000	0.000000
3.023267	1.936201	0.057748	0.000000	0.000000	0.000000
3.076688	2.003213	0.228189	0.000000	0.000000	0.000000
3.057256	1.976542	0.105859	0.000000	0.000000	0.000000
3.058660	1.933375	0.124765	0.000000	0.000000	0.000000
2.975578	2.018370	0.018713	0.000000	0.000000	0.000000
3.072822	1.932749	0.177344	0.000000	0.000000	0.000000
2.981675	2.018370	0.011405	0.000000	0.000000	0.000000
2.980822	1.976542	0.031734	0.000000	0.000000	0.000000
2.858425	1.976660	0.782114	0.000000	0.000000	0.000000
3.018583	2.080381	0.157058	0.000000	0.000000	0.000000
3.036007	2.017877	0.066955	0.000000	0.000000	0.000000
2.929322	2.092627	0.201682	0.000000	0.000000	0.000000
3.104183	1.976006	0.374570	0.000000	0.000000	0.000000
2.933764	2.254905	1.056138	0.000000	0.000000	0.000000
2.971514	1.976296	0.052626	0.000000	0.000000	0.000000
3.072259	2.014582	0.222643	0.000000	0.000000	0.000000
2.990141	1.976647	0.017344	0.000000	0.000000	0.000000
3.057193	1.992207	0.115357	0.000000	0.000000	0.000000
2.994944	1.976697	0.012424	0.000000	0.000000	0.000000
3.035247	2.014582	0.060466	0.000000	0.000000	0.000000
2.995947	1.971732	0.016295	0.000000	0.000000	0.000000
3.064379	2.021846	0.193138	0.000000	0.000000	0.000000
3.057181	1.881734	0.213547	0.000000	0.000000	0.000000
3.066281	1.972988	0.142362	0.000000	0.000000	0.000000
2.978380	1.986519	0.026052	0.000000	0.000000	0.000000
2.981514	2.017881	0.011439	0.000000	0.000000	0.000000
3.026524	1.932090	0.066295	0.000000	0.000000	0.000000
2.975143	2.107031	0.173718	0.000000	0.000000	0.000000
3.036082	1.965581	0.043709	0.000000	0.000000	0.000000
3.056405	2.013095	0.137689	0.000000	0.000000	0.000000
2.988001	1.992312	0.008149	0.000000	0.000000	0.000000
3.023781	1.974435	0.019907	0.000000	0.000000	0.000000
2.997997	1.918138	0.112979	0.000000	0.000000	0.000000
3.006386	2.189469	0.692160	0.000000	0.000000	0.000000
3.058373	1.920855	0.138825	0.000000	0.000000	0.000000
3.066626	1.981718	0.148966	0.000000	0.000000	0.000000
3.023267	1.936201	0.057748	0.000000	0.000000	0.000000
3.023781	1.974435	0.019907	0.000000	0.000000	0.000000
3.080869	1.918138	0.225552	0.000000	0.000000	0.000000
3.072822	1.932749	0.177344	0.000000	0.000000	0.000000
2.988001	2.327588	2.041294	0.000000	0.000000	0.000000
3.036082	1.965581	0.043709	0.000000	0.000000	0.000000
2.987053	2.242667	1.060771	0.000000	0.000000	0.000000
2.901853	1.976428	0.400209	0.000000	0.000000	0.000000
2.971717	1.976542	0.051778	0.000000	0.000000	0.000000
2.981387	2.014582	0.010955	0.000000	0.000000	0.000000
2.994944	1.976697	0.012424	0.000000	0.000000	0.000000
3.035247	2.014582	0.060466	0.000000	0.000000	0.000000
2.978380	1.986519	0.026052	0.000000	0.000000	0.000000
3.036007	2.017877	0.066955	0.000000	0.000000	0.000000
2.975260	2.107031	0.173757	0.000000	0.000000	0.000000
2.981559	2.018370	0.011519	0.000000	0.000000	0.000000
2.981514	1.967355	0.042415	0.000000	0.000000	0.000000
3.054385	2.019704	0.139628	0.000000	0.000000	0.000000
2.975578	2.018370	0.018713	0.000000	0.000000	0.000000
2.997997	1.800849	0.620588	0.000000	0.000000	0.000000
2.972282	1.949103	0.099158	0.000000	0.000000	0.000000
3.057181	1.881734	0.213547	0.000000	0.000000	0.000000
2.981605	1.991496	0.016790	0.000000	0.000000	0.000000
2.988622	1.952998	0.052136	0.000000	0.000000	0.000000
2.987684	1.990118	0.009672	0.000000	0.000000	0.000000
3.036324	2.020071	0.070973	0.000000	0.000000	0.000000
2.990141	1.976647	0.017344	0.000000	0.000000	0.000000
3.062329	1.469325	3.187319	0.000000	0.000000	0.000000
3.057585	1.965588	0.105078	0.000000	0.000000	0.000000
3.065666	1.981711	0.144467	0.000000	0.000000	0.000000
3.036007	1.934901	0.071644	0.000000	0.000000	0.000000
3.218538	2.016351	1.972332	0.000000	0.000000	0.000000
2.979882	1.932289	0.117360	0.000000	0.000000	0.000000
2.996204	2.056622	0.052175	0.000000	0.000000	0.000000
3.023728	1.974506	0.019813	0.000000	0.000000	0.000000
3.058102	1.975935	0.108947	0.000000	0.000000	0.000000
2.981675	2.018370	0.011405	0.000000	0.000000	0.000000
3.036007	2.017877	0.066955	0.000000	0.000000	0.000000
2.972263	1.974179	0.053654	0.000000	0.000000	0.000000
3.057208	2.034088	0.182779	0.000000	0.000000	0.000000
2.893096	1.886070	0.855538	0.000000	0.000000	0.000000
2.981514	2.017881	0.011439	0.000000	0.000000	0.000000
2.972282	1.084697	9.297287	0.000000	0.000000	0.000000
3.049580	2.014602	0.110642	0.000000	0.000000	0.000000
2.978380	1.986519	0.026052	0.000000	0.000000	0.000000
2.988001	1.992902	0.007861	0.000000	0.000000	0.000000
2.988713	1.992312	0.007430	0.000000	0.000000	0.000000
2.975143	2.107031	0.173718	0.000000	0.000000	0.000000
2.988118	1.918138	0.134053	0.000000	0.000000	0.000000
2.997880	1.992312	0.001493	0.000000	0.000000	0.000000
2.994944	1.976697	0.012424	0.000000	0.000000	0.000000
2.972282	1.949103	0.099158	0.000000	0.000000	0.000000
2.981514	2.014726	0.010838	0.000000	0.000000	0.000000
2.922233	2.080381	0.207139	0.000000	0.000000	0.000000
3.036082	1.965581	0.043709	0.000000	0.000000	0.000000
2.975578	2.018370	0.018713	0.000000	0.000000	0.000000
2.997997	1.972359	0.014073	0.000000	0.000000	0.000000
3.018182	1.575726	2.345853	0.000000	0.000000	0.000000
2.654942	2.021846	3.788877	0.000000	0.000000	0.000000
3.066626	1.981718	0.148966	0.000000	0.000000	0.000000
