5.7715e+06
5.77053e+06
5.76595e+06
5.76559e+06
5.76543e+06
5.76418e+06
5.76418e+06
5.76092e+06
5.76089e+06
5.75711e+06
5.75696e+06
5.75475e+06
5.75475e+06
5.74995e+06
5.74995e+06
5.74995e+06
5.74938e+06
5.74602e+06
5.7446e+06
5.74286e+06
5.74229e+06
5.74197e+06
5.73949e+06
5.73928e+06
5.73928e+06
5.73751e+06
5.73691e+06
5.73686e+06
5.73473e+06
5.73237e+06
5.73119e+06
5.73061e+06
5.72963e+06
5.72474e+06
5.72474e+06
5.72401e+06
5.72339e+06
5.72266e+06
5.72244e+06
5.71962e+06
5.71962e+06
5.71769e+06
5.7157e+06
5.71567e+06
5.71401e+06
5.71376e+06
5.71199e+06
5.71124e+06
5.71021e+06
5.70867e+06
5.70606e+06
5.70606e+06
5.70554e+06
5.70366e+06
5.70366e+06
