6.12588e+08
4.69145e+08
3.83011e+08
3.26768e+08
2.83451e+08
2.52865e+08
2.24738e+08
2.04055e+08
1.87098e+08
1.72835e+08
1.62189e+08
1.52318e+08
1.43324e+08
1.34765e+08
1.26823e+08
1.21554e+08
1.16032e+08
1.09973e+08
1.0661e+08
1.02176e+08
9.99178e+07
9.79901e+07
9.45214e+07
9.22113e+07
9.06979e+07
8.81191e+07
8.58225e+07
8.43034e+07
8.35135e+07
8.10742e+07
8.05112e+07
8.00345e+07
7.93522e+07
7.85137e+07
7.73507e+07
7.65942e+07
7.53025e+07
7.46536e+07
7.35757e+07
7.20643e+07
7.1806e+07
7.14931e+07
7.08199e+07
7.01781e+07
6.94721e+07
6.89788e+07
6.87915e+07
6.819e+07
6.7045e+07
6.63315e+07
6.63123e+07
6.49352e+07
6.34054e+07
6.30158e+07
6.29798e+07
6.28501e+07
6.26422e+07
6.22615e+07
6.14324e+07
6.06256e+07
6.06214e+07
6.06144e+07
6.00217e+07
5.97011e+07
5.95637e+07
5.88205e+07
5.80198e+07
5.78103e+07
5.773e+07
5.75763e+07
5.69464e+07
5.69233e+07
5.66159e+07
5.56938e+07
5.5667e+07
5.56524e+07
5.51482e+07
5.45573e+07
5.45379e+07
5.42801e+07
5.38571e+07
5.383e+07
5.35298e+07
5.33905e+07
5.30213e+07
5.27633e+07
5.22186e+07
5.20581e+07
5.18348e+07
5.15419e+07
5.13979e+07
5.13366e+07
5.09835e+07
5.09758e+07
5.00214e+07
5.00157e+07
4.99196e+07
4.95474e+07
4.95382e+07
4.93427e+07
4.9103e+07
4.88071e+07
4.87992e+07
4.83701e+07
4.83701e+07
4.82346e+07
4.7886e+07
4.78751e+07
4.77931e+07
4.75283e+07
4.73602e+07
4.72888e+07
4.71782e+07
4.6066e+07
4.6066e+07
4.60202e+07
4.57316e+07
4.56192e+07
4.551e+07
4.53193e+07
4.51459e+07
4.49341e+07
4.47226e+07
4.45214e+07
4.43747e+07
4.4312e+07
4.4142e+07
4.40313e+07
4.34994e+07
4.3487e+07
4.32859e+07
4.31978e+07
4.31518e+07
4.29323e+07
4.25371e+07
4.24616e+07
4.22347e+07
4.20687e+07
4.20461e+07
4.17916e+07
4.17297e+07
4.09726e+07
4.09712e+07
4.09599e+07
4.0744e+07
4.07399e+07
4.05321e+07
4.02787e+07
4.02787e+07
4.02599e+07
4.0124e+07
3.98924e+07
3.98831e+07
3.96714e+07
3.95814e+07
3.94703e+07
3.92456e+07
3.92201e+07
3.92201e+07
3.9118e+07
3.89577e+07
3.87823e+07
3.86993e+07
3.84706e+07
3.84329e+07
3.82327e+07
3.79533e+07
3.79533e+07
3.7923e+07
3.74724e+07
3.74634e+07
3.74558e+07
3.72882e+07
3.72652e+07
3.70689e+07
3.70667e+07
3.70525e+07
3.68787e+07
3.6666e+07
3.66081e+07
3.66004e+07
3.63365e+07
3.60553e+07
3.60521e+07
3.60322e+07
3.59572e+07
3.59054e+07
3.58117e+07
3.54588e+07
3.54193e+07
3.54103e+07
3.53117e+07
3.51103e+07
3.51053e+07
3.50388e+07
3.47998e+07
3.46029e+07
3.46029e+07
3.43913e+07
3.43909e+07
3.41331e+07
3.41142e+07
3.40102e+07
3.39747e+07
3.369e+07
3.36813e+07
3.3646e+07
3.35445e+07
3.35134e+07
3.33375e+07
3.33351e+07
3.30909e+07
3.30887e+07
3.30789e+07
3.29826e+07
3.28557e+07
3.27513e+07
3.26761e+07
3.26025e+07
3.247e+07
3.24605e+07
3.22558e+07
3.22135e+07
3.22098e+07
3.18682e+07
3.1797e+07
3.1754e+07
3.16172e+07
3.16068e+07
3.15554e+07
3.13844e+07
3.13419e+07
3.12357e+07
3.12202e+07
3.09035e+07
3.09028e+07
3.08908e+07
3.02033e+07
3.02027e+07
3.01753e+07
3.01677e+07
3.01549e+07
3.01446e+07
2.94598e+07
2.94543e+07
2.94409e+07
2.93179e+07
2.93143e+07
2.92079e+07
2.91481e+07
2.91448e+07
2.89211e+07
2.89206e+07
2.88452e+07
2.87956e+07
2.8666e+07
2.85654e+07
2.85551e+07
2.83959e+07
2.83584e+07
2.83063e+07
2.81939e+07
2.80805e+07
2.78914e+07
2.78886e+07
2.78706e+07
2.78501e+07
2.7843e+07
2.77365e+07
2.75355e+07
2.75337e+07
2.73917e+07
2.73874e+07
2.73097e+07
2.71281e+07
2.71219e+07
2.71011e+07
2.70889e+07
2.69884e+07
2.69439e+07
2.6881e+07
2.68112e+07
2.66847e+07
2.65725e+07
2.65678e+07
2.64966e+07
2.64499e+07
2.63639e+07
2.62911e+07
2.62901e+07
2.60285e+07
2.60221e+07
2.60184e+07
2.59599e+07
2.5924e+07
2.58334e+07
2.55341e+07
2.5511e+07
2.5511e+07
2.52969e+07
2.52903e+07
2.52892e+07
2.52775e+07
2.51525e+07
2.50797e+07
2.49876e+07
2.4985e+07
2.49794e+07
2.49415e+07
2.48239e+07
2.47917e+07
2.46669e+07
2.46352e+07
2.43108e+07
2.43079e+07
2.43012e+07
2.42967e+07
2.42635e+07
2.41144e+07
2.40956e+07
2.40878e+07
2.40406e+07
2.39934e+07
2.38809e+07
2.38733e+07
2.38556e+07
2.37211e+07
2.36825e+07
2.36817e+07
2.35687e+07
2.35633e+07
2.34675e+07
2.33708e+07
2.33165e+07
2.31328e+07
2.31256e+07
2.31256e+07
2.30938e+07
2.30248e+07
2.29588e+07
2.28882e+07
2.28696e+07
2.27606e+07
2.27327e+07
2.26229e+07
2.26225e+07
2.25978e+07
2.25065e+07
2.25006e+07
2.24926e+07
2.22614e+07
2.22614e+07
2.22037e+07
2.22019e+07
2.19073e+07
2.18832e+07
2.188e+07
2.18716e+07
2.17228e+07
2.16215e+07
2.16193e+07
2.16193e+07
2.16045e+07
2.15998e+07
2.14516e+07
2.14516e+07
2.12658e+07
2.12658e+07
2.12428e+07
2.1201e+07
2.12001e+07
2.11498e+07
2.11377e+07
2.10869e+07
2.09217e+07
2.09194e+07
2.08648e+07
2.08372e+07
2.08372e+07
2.06824e+07
2.06475e+07
2.04788e+07
2.04788e+07
2.04667e+07
2.03799e+07
2.03751e+07
2.03604e+07
2.03568e+07
2.03472e+07
2.02692e+07
2.01434e+07
2.0087e+07
2.00454e+07
2.00427e+07
1.99835e+07
1.98324e+07
1.98297e+07
1.98263e+07
1.98073e+07
1.9619e+07
1.96169e+07
1.9611e+07
1.96022e+07
1.94734e+07
1.94728e+07
1.94673e+07
1.94031e+07
1.92076e+07
1.92032e+07
1.91964e+07
1.91599e+07
1.91418e+07
1.90337e+07
1.90142e+07
1.89559e+07
1.89441e+07
1.89127e+07
1.88935e+07
1.8866e+07
1.88167e+07
1.87542e+07
1.8694e+07
1.85786e+07
1.85744e+07
1.85681e+07
1.85602e+07
1.84843e+07
1.83372e+07
1.83328e+07
1.8315e+07
1.82853e+07
1.82658e+07
1.82413e+07
1.81883e+07
1.8085e+07
1.80393e+07
1.80386e+07
1.80214e+07
1.80115e+07
1.79804e+07
1.7882e+07
1.78434e+07
1.77888e+07
1.7699e+07
1.76955e+07
1.76926e+07
1.75033e+07
1.74929e+07
1.73157e+07
1.73156e+07
1.73135e+07
1.7305e+07
1.73036e+07
1.72954e+07
1.7169e+07
1.71265e+07
1.71237e+07
1.71126e+07
1.69581e+07
1.68662e+07
1.68662e+07
1.67394e+07
1.67354e+07
1.67174e+07
1.67112e+07
1.67045e+07
1.66933e+07
1.66575e+07
1.65693e+07
1.65671e+07
1.64935e+07
1.64411e+07
1.64411e+07
1.64352e+07
1.64206e+07
1.6276e+07
1.62632e+07
1.62578e+07
1.62536e+07
1.62234e+07
1.6168e+07
1.61255e+07
1.59272e+07
1.59263e+07
1.59151e+07
1.59112e+07
1.58987e+07
1.58756e+07
1.57899e+07
1.5723e+07
1.57059e+07
1.5604e+07
1.56024e+07
1.55998e+07
1.55951e+07
1.55822e+07
1.55058e+07
1.54445e+07
1.53596e+07
1.53498e+07
1.53453e+07
1.53099e+07
1.51748e+07
1.51748e+07
1.51748e+07
1.51317e+07
1.50809e+07
1.50763e+07
1.50728e+07
1.49391e+07
1.49384e+07
1.49384e+07
1.49306e+07
1.49273e+07
1.49079e+07
1.46929e+07
1.46922e+07
1.46895e+07
1.46764e+07
1.4668e+07
1.46576e+07
1.4652e+07
1.465e+07
1.45535e+07
1.44331e+07
1.44248e+07
1.44138e+07
1.44068e+07
1.42239e+07
1.42213e+07
1.42184e+07
1.42114e+07
1.42096e+07
1.42039e+07
1.41449e+07
1.3969e+07
1.39564e+07
1.39545e+07
1.39495e+07
1.39491e+07
1.39272e+07
1.38508e+07
1.38135e+07
1.38087e+07
1.38037e+07
1.38029e+07
1.37461e+07
1.37286e+07
1.36286e+07
1.36131e+07
1.35971e+07
1.35896e+07
1.35703e+07
1.35533e+07
1.34654e+07
1.34607e+07
1.33615e+07
1.33584e+07
1.33576e+07
1.33298e+07
1.33286e+07
1.33161e+07
1.32397e+07
1.31681e+07
1.31467e+07
1.31337e+07
1.31287e+07
1.31071e+07
1.30994e+07
1.30933e+07
1.30351e+07
1.30351e+07
1.29371e+07
1.29369e+07
1.2743e+07
1.2743e+07
1.27238e+07
1.27157e+07
1.27047e+07
1.26887e+07
1.26887e+07
1.2572e+07
1.25623e+07
1.25458e+07
1.25453e+07
1.25193e+07
1.25067e+07
1.25067e+07
1.25056e+07
1.24031e+07
1.23798e+07
1.23558e+07
1.2355e+07
1.23135e+07
1.23095e+07
1.23049e+07
1.23048e+07
1.22894e+07
1.22029e+07
1.21998e+07
1.2198e+07
1.21837e+07
1.21138e+07
1.21041e+07
1.20987e+07
1.20981e+07
1.20799e+07
1.20527e+07
1.20511e+07
1.20436e+07
1.20375e+07
1.20308e+07
1.20263e+07
1.20127e+07
1.20102e+07
1.18617e+07
1.1856e+07
1.18167e+07
1.18087e+07
1.17968e+07
1.17958e+07
1.17737e+07
1.17634e+07
1.17606e+07
1.17521e+07
1.17415e+07
1.17347e+07
1.1729e+07
1.17269e+07
1.17129e+07
1.16226e+07
1.16217e+07
1.16195e+07
1.15424e+07
1.15424e+07
1.15392e+07
1.15233e+07
1.15206e+07
1.15181e+07
1.14998e+07
1.14998e+07
1.14963e+07
1.14841e+07
1.14795e+07
1.14756e+07
1.14708e+07
1.14641e+07
1.14489e+07
1.14297e+07
1.14297e+07
1.14203e+07
1.14106e+07
1.14018e+07
1.13954e+07
1.13856e+07
1.13831e+07
1.1229e+07
1.1214e+07
1.12139e+07
1.11956e+07
1.11943e+07
1.11889e+07
1.11819e+07
1.11735e+07
1.1172e+07
1.11445e+07
1.11378e+07
1.1135e+07
1.09644e+07
1.09611e+07
1.09604e+07
1.0953e+07
1.0946e+07
1.09451e+07
1.09299e+07
1.09299e+07
1.09245e+07
1.09075e+07
1.07503e+07
1.07413e+07
1.07413e+07
1.07283e+07
1.0711e+07
1.06893e+07
1.06888e+07
1.06857e+07
1.06675e+07
1.06582e+07
1.05497e+07
1.05497e+07
1.05419e+07
1.05404e+07
1.05354e+07
1.0522e+07
1.0522e+07
1.05122e+07
1.05055e+07
1.04977e+07
1.04977e+07
1.049e+07
1.04826e+07
1.04761e+07
1.04604e+07
1.04461e+07
1.04455e+07
1.04345e+07
1.04311e+07
1.04213e+07
1.04125e+07
1.04043e+07
1.03992e+07
1.03944e+07
1.03901e+07
1.03763e+07
1.03654e+07
1.03626e+07
1.03578e+07
1.03508e+07
1.03301e+07
1.03243e+07
1.03136e+07
1.03062e+07
1.0304e+07
1.02983e+07
1.02943e+07
1.02923e+07
1.02807e+07
1.02757e+07
1.02675e+07
1.02506e+07
1.02483e+07
1.02388e+07
1.02374e+07
1.02352e+07
1.02216e+07
1.02021e+07
1.02014e+07
1.01914e+07
1.01846e+07
1.01846e+07
1.01734e+07
1.01657e+07
1.01643e+07
1.01433e+07
1.01397e+07
1.01312e+07
1.01309e+07
1.01273e+07
1.01229e+07
1.0116e+07
1.01078e+07
1.01018e+07
1.0099e+07
1.00785e+07
1.00744e+07
1.00626e+07
1.00626e+07
1.00523e+07
1.0044e+07
1.0044e+07
1.00368e+07
1.00231e+07
1.0022e+07
1.00203e+07
1.0014e+07
9.98967e+06
9.98749e+06
9.98472e+06
9.9801e+06
9.97896e+06
9.96416e+06
9.96416e+06
9.95425e+06
9.94177e+06
9.93783e+06
9.93498e+06
9.92553e+06
9.91593e+06
9.90869e+06
9.8983e+06
9.8983e+06
9.89292e+06
9.88571e+06
9.87977e+06
9.87127e+06
9.86853e+06
9.85131e+06
9.85076e+06
9.84669e+06
9.84347e+06
9.83621e+06
9.83245e+06
9.82705e+06
9.82213e+06
9.81676e+06
9.81014e+06
9.79924e+06
9.79924e+06
9.79363e+06
9.78504e+06
9.77139e+06
9.76793e+06
9.76692e+06
9.76407e+06
9.74989e+06
9.74816e+06
9.73596e+06
9.73259e+06
9.72957e+06
9.72155e+06
9.72043e+06
9.71359e+06
9.70496e+06
9.70404e+06
9.69968e+06
9.68761e+06
9.66931e+06
9.66815e+06
9.66757e+06
9.66247e+06
9.65754e+06
9.64324e+06
9.64258e+06
9.63387e+06
9.63387e+06
9.62932e+06
9.62484e+06
9.61841e+06
9.61489e+06
9.60274e+06
9.59406e+06
9.59315e+06
9.59127e+06
9.58676e+06
9.3671e+06
9.36694e+06
9.36429e+06
9.36001e+06
9.35416e+06
9.35381e+06
9.35318e+06
9.34409e+06
9.33827e+06
9.33418e+06
9.32981e+06
9.32387e+06
9.31756e+06
9.31349e+06
9.31191e+06
9.30278e+06
9.29827e+06
9.2896e+06
9.28751e+06
9.27758e+06
9.27179e+06
9.26349e+06
9.25953e+06
9.25258e+06
9.24989e+06
9.24753e+06
9.23748e+06
9.23182e+06
9.23182e+06
9.22606e+06
9.21863e+06
9.2104e+06
9.19565e+06
9.19308e+06
9.18494e+06
9.18314e+06
9.18119e+06
9.17049e+06
9.15562e+06
9.15368e+06
9.15137e+06
9.14638e+06
9.14383e+06
9.13878e+06
9.1355e+06
9.1264e+06
9.12215e+06
9.12215e+06
9.11447e+06
9.10608e+06
9.10398e+06
9.10398e+06
9.09806e+06
9.09516e+06
9.08749e+06
9.08698e+06
9.0713e+06
9.0713e+06
9.06306e+06
9.05751e+06
9.05238e+06
9.04915e+06
9.04869e+06
9.04211e+06
9.04121e+06
9.03783e+06
9.03042e+06
9.02516e+06
9.02045e+06
9.01837e+06
9.00998e+06
9.00986e+06
8.99619e+06
8.99535e+06
8.98787e+06
8.9788e+06
8.97097e+06
8.96846e+06
8.96564e+06
8.96094e+06
8.96075e+06
8.9578e+06
8.9524e+06
8.94627e+06
8.94297e+06
8.93175e+06
8.92298e+06
8.92237e+06
8.91948e+06
8.91718e+06
8.90709e+06
8.90235e+06
8.90185e+06
8.89355e+06
8.88636e+06
8.88635e+06
8.88175e+06
8.88086e+06
8.87301e+06
8.8672e+06
8.8668e+06
8.85936e+06
8.85786e+06
8.84651e+06
8.84478e+06
8.83852e+06
8.82877e+06
8.81032e+06
8.80544e+06
8.80296e+06
8.79936e+06
8.79936e+06
8.79323e+06
8.77934e+06
8.77234e+06
8.77225e+06
8.76896e+06
8.7626e+06
8.75799e+06
8.74552e+06
8.74379e+06
8.73507e+06
8.73451e+06
8.73079e+06
8.72903e+06
8.72141e+06
8.71485e+06
8.71078e+06
8.70595e+06
8.70595e+06
8.69743e+06
8.6869e+06
8.68582e+06
8.68463e+06
8.68091e+06
8.67667e+06
8.67581e+06
8.66068e+06
8.65261e+06
8.6497e+06
8.6497e+06
8.64566e+06
8.64313e+06
8.64048e+06
8.63828e+06
8.62737e+06
8.6273e+06
8.62414e+06
8.62193e+06
8.61621e+06
8.61485e+06
8.61167e+06
8.60489e+06
8.60118e+06
8.59366e+06
8.59366e+06
8.58453e+06
8.58453e+06
8.58013e+06
8.57743e+06
8.57324e+06
8.56821e+06
8.56574e+06
8.56196e+06
8.55318e+06
8.54523e+06
8.36384e+06
8.36288e+06
8.36247e+06
8.35506e+06
8.3534e+06
8.34959e+06
8.34811e+06
8.34325e+06
8.34301e+06
8.33993e+06
8.3299e+06
8.32608e+06
8.32608e+06
8.32528e+06
8.32075e+06
8.31199e+06
8.31199e+06
8.30613e+06
8.30294e+06
8.30152e+06
8.29185e+06
8.28471e+06
8.28348e+06
8.28347e+06
8.28046e+06
8.2719e+06
8.2719e+06
8.26812e+06
8.26225e+06
8.25988e+06
8.25903e+06
8.24949e+06
8.24796e+06
8.24378e+06
8.23671e+06
8.23418e+06
8.23169e+06
8.22868e+06
8.22555e+06
8.22171e+06
8.21452e+06
8.21452e+06
8.20359e+06
8.20359e+06
8.2008e+06
8.19752e+06
8.19245e+06
8.19003e+06
8.18207e+06
8.17982e+06
8.17155e+06
8.17155e+06
8.16982e+06
8.16528e+06
8.16116e+06
8.1599e+06
8.15699e+06
8.15387e+06
8.15029e+06
8.14635e+06
8.14213e+06
8.13995e+06
8.13601e+06
8.13297e+06
8.13092e+06
8.12346e+06
8.12318e+06
8.11472e+06
8.11462e+06
8.11325e+06
8.10553e+06
8.10553e+06
8.09733e+06
8.09627e+06
8.0926e+06
8.0891e+06
8.08651e+06
8.08644e+06
8.08045e+06
8.07597e+06
8.072e+06
8.06999e+06
8.0615e+06
8.0605e+06
8.0492e+06
8.04873e+06
8.04518e+06
8.04334e+06
8.03343e+06
8.03264e+06
8.02866e+06
8.02866e+06
8.0257e+06
8.01961e+06
8.01374e+06
8.01214e+06
8.00219e+06
8.00104e+06
7.99964e+06
7.99672e+06
7.99401e+06
7.99123e+06
7.98641e+06
7.98567e+06
7.98204e+06
7.96738e+06
7.95768e+06
7.95768e+06
7.95722e+06
7.94771e+06
7.94497e+06
7.94169e+06
7.94073e+06
7.93418e+06
7.93202e+06
7.93202e+06
7.93071e+06
7.92798e+06
7.92386e+06
7.91835e+06
7.91447e+06
7.91078e+06
7.90356e+06
7.90338e+06
7.90226e+06
7.89318e+06
7.89318e+06
7.89303e+06
7.88461e+06
7.88413e+06
7.88149e+06
7.87632e+06
7.87228e+06
7.86633e+06
7.85783e+06
7.8575e+06
7.85398e+06
7.84958e+06
7.84867e+06
7.84802e+06
7.84421e+06
7.84007e+06
7.83802e+06
7.83445e+06
7.83445e+06
7.82883e+06
7.82644e+06
7.82276e+06
7.82143e+06
7.81797e+06
7.81309e+06
7.80344e+06
7.80322e+06
7.80182e+06
7.79527e+06
7.79423e+06
7.79117e+06
7.78551e+06
7.78378e+06
7.78059e+06
7.7796e+06
7.77822e+06
7.7709e+06
7.76643e+06
7.76398e+06
7.76398e+06
7.76089e+06
7.75502e+06
7.75502e+06
7.74896e+06
7.74711e+06
7.74631e+06
7.74595e+06
7.74122e+06
7.73882e+06
7.73475e+06
7.73249e+06
7.72952e+06
7.72446e+06
7.72173e+06
7.71512e+06
7.71341e+06
7.71125e+06
7.71077e+06
7.70664e+06
7.70518e+06
7.69999e+06
7.69711e+06
7.69398e+06
7.69061e+06
7.68731e+06
7.68419e+06
7.68181e+06
7.67572e+06
7.67572e+06
7.67285e+06
7.67152e+06
7.67007e+06
7.66382e+06
7.65739e+06
7.6553e+06
7.65249e+06
7.65089e+06
7.65008e+06
7.64777e+06
7.64175e+06
7.63581e+06
7.63422e+06
7.63299e+06
7.63147e+06
7.62323e+06
7.62295e+06
7.62113e+06
7.61879e+06
7.61662e+06
7.6135e+06
7.61117e+06
7.60882e+06
7.60381e+06
7.60255e+06
7.59988e+06
7.5942e+06
7.59194e+06
7.59064e+06
7.58526e+06
7.58459e+06
7.58361e+06
7.57907e+06
7.57588e+06
7.56845e+06
7.56845e+06
7.56556e+06
7.56356e+06
7.55633e+06
7.55397e+06
7.55397e+06
7.55286e+06
7.55188e+06
7.54127e+06
7.53854e+06
7.53853e+06
7.53239e+06
7.53099e+06
7.52976e+06
7.52915e+06
7.5172e+06
7.51189e+06
7.51011e+06
7.50822e+06
7.50821e+06
7.5076e+06
7.50317e+06
7.50186e+06
7.49931e+06
7.49695e+06
7.48977e+06
7.48977e+06
7.48222e+06
7.48099e+06
7.47886e+06
7.47779e+06
7.47284e+06
7.47284e+06
7.47222e+06
7.465e+06
7.46309e+06
7.46216e+06
7.45963e+06
7.45908e+06
7.45352e+06
7.45204e+06
7.45093e+06
7.44448e+06
7.44233e+06
7.43965e+06
7.4381e+06
7.42905e+06
7.42847e+06
7.42393e+06
7.4208e+06
7.4208e+06
7.41977e+06
7.41698e+06
7.4137e+06
7.41094e+06
7.40461e+06
7.40391e+06
7.40234e+06
7.39807e+06
7.39618e+06
7.39574e+06
7.39368e+06
7.38923e+06
7.38535e+06
7.38507e+06
7.38356e+06
7.38133e+06
7.37897e+06
7.37361e+06
7.36629e+06
7.36629e+06
7.36168e+06
7.36168e+06
7.3605e+06
7.35919e+06
7.35745e+06
7.34898e+06
7.34892e+06
7.34775e+06
7.34332e+06
7.34141e+06
7.33901e+06
7.33257e+06
7.33195e+06
7.32953e+06
7.32792e+06
7.32563e+06
7.32503e+06
7.32336e+06
7.31988e+06
7.31586e+06
7.31241e+06
7.31094e+06
7.30826e+06
7.30746e+06
7.29742e+06
7.29715e+06
7.29668e+06
7.29485e+06
7.28693e+06
7.28273e+06
7.28273e+06
7.28268e+06
7.28116e+06
7.28072e+06
7.27592e+06
7.27124e+06
7.26952e+06
7.2681e+06
7.26696e+06
7.26483e+06
7.26268e+06
7.26061e+06
7.25029e+06
7.24918e+06
7.24918e+06
7.24656e+06
7.24582e+06
7.24445e+06
7.23955e+06
7.23955e+06
7.23612e+06
7.23398e+06
7.2329e+06
7.22814e+06
7.2269e+06
7.2212e+06
7.22031e+06
7.21854e+06
7.21854e+06
7.21223e+06
7.21101e+06
7.20997e+06
7.20638e+06
7.20432e+06
7.19785e+06
7.19767e+06
7.19301e+06
7.19218e+06
7.18712e+06
7.17982e+06
7.17833e+06
7.1781e+06
7.17026e+06
7.17026e+06
7.16823e+06
7.1666e+06
7.16654e+06
7.16522e+06
7.15928e+06
7.15839e+06
7.15493e+06
7.15175e+06
7.15043e+06
7.14908e+06
7.14724e+06
7.13736e+06
7.13736e+06
7.13575e+06
7.13549e+06
7.13188e+06
7.13064e+06
7.13005e+06
7.12818e+06
7.1216e+06
7.11893e+06
7.11893e+06
7.11619e+06
7.11262e+06
7.11262e+06
7.11102e+06
7.10776e+06
7.10758e+06
7.10332e+06
7.10127e+06
7.09783e+06
7.09706e+06
7.09499e+06
7.09428e+06
7.08989e+06
7.08473e+06
7.08321e+06
7.08298e+06
7.08003e+06
7.07794e+06
7.06889e+06
7.06767e+06
7.06605e+06
7.06589e+06
7.06559e+06
7.06305e+06
7.06044e+06
7.0588e+06
7.05761e+06
7.05399e+06
7.05251e+06
7.05114e+06
7.04247e+06
7.04247e+06
7.04067e+06
7.03621e+06
7.03409e+06
7.03398e+06
7.03347e+06
7.03169e+06
7.02638e+06
7.02583e+06
7.02373e+06
7.02266e+06
7.01554e+06
7.01523e+06
7.01521e+06
7.01149e+06
7.01092e+06
7.00625e+06
7.00617e+06
7.00398e+06
6.99897e+06
6.99797e+06
6.99687e+06
6.99621e+06
6.99351e+06
6.99232e+06
6.99075e+06
6.98837e+06
6.98501e+06
6.98064e+06
6.97818e+06
6.9691e+06
6.96564e+06
6.9636e+06
6.96179e+06
6.95973e+06
6.95843e+06
6.95768e+06
6.95199e+06
6.95191e+06
6.95145e+06
6.94855e+06
6.94718e+06
6.94338e+06
6.94166e+06
6.94166e+06
6.93239e+06
6.93172e+06
6.93154e+06
6.931e+06
6.92998e+06
6.92668e+06
6.9255e+06
6.92364e+06
6.92096e+06
6.92013e+06
6.91579e+06
6.91206e+06
6.91187e+06
6.91085e+06
6.90929e+06
6.90492e+06
6.90421e+06
6.9012e+06
6.90016e+06
6.89829e+06
6.89744e+06
6.89589e+06
6.89444e+06
6.89082e+06
6.88895e+06
6.88729e+06
6.88401e+06
6.8823e+06
6.87691e+06
6.87187e+06
6.86598e+06
6.86494e+06
6.86472e+06
6.86383e+06
6.86337e+06
6.86228e+06
6.85524e+06
6.85524e+06
6.8529e+06
6.85189e+06
6.85104e+06
6.8477e+06
6.84425e+06
6.84283e+06
6.84283e+06
6.83939e+06
6.83577e+06
6.83367e+06
6.82695e+06
6.82593e+06
6.82537e+06
6.8223e+06
6.8223e+06
6.81499e+06
6.81462e+06
6.81122e+06
6.81103e+06
6.8102e+06
6.80868e+06
6.80496e+06
6.80032e+06
6.79782e+06
6.79782e+06
6.79424e+06
6.79253e+06
6.79209e+06
6.79004e+06
6.78605e+06
6.7852e+06
6.78332e+06
6.78043e+06
6.7696e+06
6.7696e+06
6.76753e+06
6.76753e+06
6.76482e+06
6.76291e+06
6.76288e+06
6.76077e+06
6.75825e+06
6.75572e+06
6.75457e+06
6.75338e+06
6.7519e+06
6.75003e+06
6.74713e+06
6.74529e+06
6.74451e+06
6.74242e+06
6.74139e+06
6.73598e+06
6.73598e+06
6.73421e+06
6.73215e+06
6.73086e+06
6.72685e+06
6.72626e+06
6.72416e+06
6.71856e+06
6.71825e+06
6.71747e+06
6.71459e+06
6.71459e+06
6.71076e+06
6.71063e+06
6.7063e+06
6.7063e+06
6.7051e+06
6.701e+06
6.701e+06
6.69901e+06
6.69532e+06
6.69532e+06
6.69415e+06
6.68952e+06
6.68836e+06
6.68682e+06
6.68538e+06
6.68171e+06
6.68098e+06
6.67842e+06
6.67795e+06
6.67066e+06
6.66937e+06
6.66697e+06
6.66697e+06
6.6648e+06
6.6648e+06
6.65975e+06
6.65876e+06
6.65876e+06
6.6574e+06
6.65358e+06
6.65213e+06
6.64889e+06
6.64803e+06
6.64722e+06
6.64484e+06
6.64484e+06
6.64298e+06
6.6406e+06
6.63736e+06
6.63663e+06
6.62998e+06
6.62673e+06
6.62673e+06
6.62624e+06
6.62003e+06
6.62003e+06
6.62003e+06
6.61761e+06
6.61361e+06
6.61361e+06
6.61223e+06
6.60703e+06
6.60703e+06
6.60433e+06
6.60133e+06
6.60026e+06
6.60026e+06
6.59703e+06
6.59703e+06
6.59501e+06
6.5926e+06
6.5926e+06
6.59045e+06
6.58849e+06
6.58675e+06
6.58303e+06
6.58237e+06
6.58068e+06
6.57929e+06
6.57802e+06
6.57767e+06
6.57609e+06
6.57011e+06
6.57007e+06
6.56855e+06
6.56478e+06
6.5629e+06
6.56255e+06
6.56174e+06
6.55876e+06
6.5561e+06
6.55567e+06
6.55466e+06
6.55282e+06
6.5484e+06
6.5484e+06
6.54236e+06
6.53908e+06
6.53788e+06
6.53747e+06
6.53485e+06
6.53406e+06
6.53267e+06
6.53082e+06
6.52935e+06
6.52726e+06
6.52582e+06
6.52421e+06
6.52224e+06
6.52171e+06
6.51944e+06
6.51855e+06
6.51784e+06
6.51704e+06
6.51293e+06
6.51031e+06
6.50883e+06
6.50807e+06
6.50642e+06
6.50452e+06
6.50016e+06
6.49886e+06
6.49393e+06
6.49389e+06
6.49293e+06
6.49084e+06
6.49011e+06
6.4883e+06
6.48488e+06
6.48408e+06
6.48056e+06
6.47942e+06
6.47942e+06
6.47649e+06
6.47315e+06
6.47308e+06
6.46828e+06
6.46687e+06
6.46499e+06
6.46405e+06
6.45979e+06
6.4571e+06
6.4571e+06
6.45688e+06
6.45546e+06
6.45411e+06
6.45411e+06
6.45076e+06
6.45033e+06
6.4496e+06
6.44524e+06
6.44467e+06
6.43815e+06
6.43722e+06
6.4356e+06
6.43538e+06
6.43413e+06
6.4327e+06
6.43047e+06
6.42636e+06
6.42437e+06
6.42409e+06
6.42253e+06
6.42207e+06
6.4217e+06
6.41877e+06
6.41773e+06
6.4158e+06
6.40906e+06
6.40846e+06
6.40829e+06
6.40668e+06
6.40579e+06
6.40523e+06
6.40396e+06
6.39812e+06
6.39749e+06
6.3949e+06
6.39452e+06
6.3936e+06
6.39319e+06
6.39032e+06
6.38749e+06
6.38749e+06
6.38667e+06
6.38302e+06
6.37888e+06
6.37888e+06
6.37842e+06
6.37715e+06
6.37542e+06
6.37476e+06
6.37378e+06
6.3714e+06
6.36725e+06
6.36396e+06
6.36244e+06
6.36073e+06
6.35816e+06
6.35816e+06
6.35708e+06
6.35465e+06
6.35339e+06
6.35126e+06
6.35005e+06
6.34849e+06
6.34849e+06
6.34517e+06
6.34112e+06
6.34097e+06
6.33845e+06
6.33709e+06
6.33406e+06
6.33406e+06
6.33167e+06
6.33164e+06
6.32801e+06
6.32801e+06
6.32782e+06
6.32445e+06
6.32239e+06
6.32167e+06
6.31904e+06
6.31867e+06
6.31782e+06
6.31529e+06
6.31125e+06
6.30699e+06
6.30596e+06
6.30596e+06
6.30338e+06
6.29696e+06
6.29686e+06
6.29639e+06
6.29639e+06
6.2937e+06
6.29091e+06
6.29028e+06
6.29e+06
6.28968e+06
6.28748e+06
6.28618e+06
6.28446e+06
6.28131e+06
6.28127e+06
6.27953e+06
6.27582e+06
6.2742e+06
6.2742e+06
6.27329e+06
6.26998e+06
6.26647e+06
6.26551e+06
6.26466e+06
6.26466e+06
6.26227e+06
6.26089e+06
6.25868e+06
6.25736e+06
6.25606e+06
6.25329e+06
6.25187e+06
6.24963e+06
6.24847e+06
6.24436e+06
6.24195e+06
6.24195e+06
6.24155e+06
6.24137e+06
6.23714e+06
6.23701e+06
6.23627e+06
6.23106e+06
6.2306e+06
6.22871e+06
6.22812e+06
6.22795e+06
6.22345e+06
6.22345e+06
6.22331e+06
6.22324e+06
6.22102e+06
6.21534e+06
6.21324e+06
6.21262e+06
6.21228e+06
6.20961e+06
6.20603e+06
6.20603e+06
6.20578e+06
6.20445e+06
6.20419e+06
6.19873e+06
6.19717e+06
6.1955e+06
6.19467e+06
6.18917e+06
6.18917e+06
6.1879e+06
6.1879e+06
6.1877e+06
6.18601e+06
6.18439e+06
6.17833e+06
6.17812e+06
6.17684e+06
6.17666e+06
6.17562e+06
6.17449e+06
6.17105e+06
6.17043e+06
6.16941e+06
6.16679e+06
6.16679e+06
6.16636e+06
6.16257e+06
6.16257e+06
6.16088e+06
6.15783e+06
6.1574e+06
6.15449e+06
6.15449e+06
6.15275e+06
6.15166e+06
6.15166e+06
6.14666e+06
6.14666e+06
6.14508e+06
6.13911e+06
6.13911e+06
6.13884e+06
6.13749e+06
6.13478e+06
6.13264e+06
6.13202e+06
6.13182e+06
6.12816e+06
6.12742e+06
6.12681e+06
6.12451e+06
6.12329e+06
6.12067e+06
6.11981e+06
6.11981e+06
6.11707e+06
6.11592e+06
6.11592e+06
6.1132e+06
6.11139e+06
6.11098e+06
6.1105e+06
6.10721e+06
6.10631e+06
6.1043e+06
6.10374e+06
6.10288e+06
6.09906e+06
6.09674e+06
6.09674e+06
6.09519e+06
6.09342e+06
6.09198e+06
6.08862e+06
6.0883e+06
6.0849e+06
6.0849e+06
6.08343e+06
6.08343e+06
6.08242e+06
6.07808e+06
6.07712e+06
6.07615e+06
6.07502e+06
6.07237e+06
6.07228e+06
6.07222e+06
6.07084e+06
6.07021e+06
6.06842e+06
6.06657e+06
6.06436e+06
6.06407e+06
6.05969e+06
6.05962e+06
6.0594e+06
6.05723e+06
6.05723e+06
6.05566e+06
6.05354e+06
6.05175e+06
6.05079e+06
6.05001e+06
6.04863e+06
6.04687e+06
6.04467e+06
6.04095e+06
6.03988e+06
6.03987e+06
6.03897e+06
6.03823e+06
6.03663e+06
6.03401e+06
6.02948e+06
6.02893e+06
6.02866e+06
6.027e+06
6.02478e+06
6.02477e+06
6.0233e+06
6.0213e+06
6.0213e+06
6.01819e+06
6.01657e+06
6.01598e+06
6.01415e+06
6.01255e+06
6.01151e+06
6.01081e+06
6.00941e+06
6.00796e+06
6.0049e+06
6.00395e+06
6.00132e+06
6.00132e+06
5.99935e+06
5.99568e+06
5.99568e+06
5.99525e+06
5.99151e+06
5.99151e+06
5.99047e+06
5.98776e+06
5.9877e+06
5.98621e+06
5.98273e+06
5.98034e+06
5.98e+06
5.97916e+06
5.97707e+06
5.97589e+06
5.97551e+06
5.97427e+06
5.9728e+06
5.97208e+06
5.96629e+06
5.96628e+06
5.96628e+06
5.96429e+06
5.96106e+06
5.95982e+06
5.95593e+06
5.95593e+06
5.95487e+06
5.95437e+06
5.95348e+06
5.95101e+06
5.95101e+06
5.95074e+06
5.94074e+06
5.94064e+06
5.93524e+06
5.93409e+06
5.93202e+06
5.93181e+06
5.93116e+06
5.92868e+06
5.92832e+06
5.92832e+06
5.92656e+06
5.92615e+06
5.92177e+06
5.92163e+06
5.91918e+06
5.91866e+06
5.91775e+06
5.91775e+06
5.91498e+06
5.91309e+06
5.91247e+06
5.90994e+06
5.90966e+06
5.90821e+06
5.90577e+06
5.90577e+06
5.90377e+06
5.90377e+06
5.90284e+06
5.90216e+06
5.89917e+06
5.89709e+06
5.89677e+06
5.89599e+06
5.89599e+06
5.89344e+06
5.89154e+06
5.89114e+06
5.8904e+06
5.88837e+06
5.88334e+06
5.88204e+06
5.88204e+06
5.87979e+06
5.8785e+06
5.87815e+06
5.87656e+06
5.87656e+06
5.87393e+06
5.87301e+06
5.87042e+06
5.86991e+06
5.86677e+06
5.86653e+06
5.865e+06
5.86468e+06
5.86166e+06
5.86102e+06
5.85846e+06
5.85846e+06
5.85805e+06
5.85547e+06
5.85336e+06
5.85336e+06
5.84892e+06
5.84892e+06
5.8482e+06
5.84791e+06
5.84632e+06
5.84496e+06
5.84282e+06
5.84282e+06
5.84067e+06
5.8383e+06
5.8383e+06
5.83544e+06
5.83459e+06
5.83265e+06
5.83232e+06
5.83032e+06
5.82947e+06
5.82947e+06
5.82871e+06
5.8269e+06
5.82117e+06
5.82117e+06
5.82023e+06
5.82023e+06
5.81876e+06
5.81463e+06
5.81463e+06
5.81387e+06
5.81349e+06
5.81323e+06
5.81213e+06
5.80979e+06
5.8067e+06
5.8067e+06
5.80619e+06
5.80482e+06
5.80426e+06
5.8023e+06
5.8006e+06
5.79945e+06
5.79944e+06
5.79715e+06
5.79683e+06
5.79359e+06
5.79359e+06
5.79247e+06
5.79192e+06
5.78867e+06
5.78819e+06
5.7878e+06
5.78704e+06
5.78438e+06
5.78183e+06
5.78154e+06
5.77956e+06
5.77953e+06
5.7777e+06
5.77547e+06
5.7749e+06
5.77343e+06
5.77276e+06
5.7715e+06
5.7715e+06
5.77053e+06
5.76595e+06
5.76559e+06
5.76543e+06
5.76418e+06
5.76418e+06
5.76092e+06
5.76089e+06
5.75711e+06
5.75696e+06
5.75475e+06
5.75475e+06
5.74995e+06
5.74995e+06
5.74995e+06
5.74938e+06
5.74602e+06
5.7446e+06
5.74286e+06
5.74229e+06
5.74197e+06
5.73949e+06
5.73928e+06
5.73928e+06
5.73751e+06
5.73691e+06
5.73686e+06
5.73473e+06
5.73237e+06
5.73119e+06
5.73061e+06
5.72963e+06
5.72474e+06
5.72474e+06
5.72401e+06
5.72339e+06
5.72266e+06
5.72244e+06
5.71962e+06
5.71962e+06
5.71769e+06
5.7157e+06
5.71567e+06
5.71401e+06
5.71376e+06
5.71199e+06
5.71124e+06
5.71021e+06
5.70867e+06
5.70606e+06
5.70606e+06
5.70554e+06
5.70366e+06
5.70366e+06
5.70154e+06
5.69883e+06
5.69841e+06
5.69812e+06
5.69592e+06
5.69462e+06
5.69416e+06
5.69416e+06
5.69243e+06
5.69225e+06
5.69111e+06
5.6904e+06
5.68872e+06
5.68823e+06
5.68616e+06
5.68493e+06
5.6846e+06
5.68238e+06
5.68137e+06
5.67906e+06
5.67731e+06
5.67662e+06
5.67604e+06
5.67376e+06
5.67198e+06
5.67064e+06
5.67064e+06
5.66996e+06
5.66583e+06
5.66583e+06
5.66264e+06
5.66264e+06
5.66035e+06
5.65947e+06
5.65947e+06
5.65736e+06
5.65718e+06
5.65622e+06
5.65557e+06
5.65534e+06
5.65321e+06
5.65157e+06
5.65097e+06
5.64959e+06
5.64947e+06
5.64849e+06
5.64557e+06
5.64478e+06
5.64333e+06
5.64208e+06
5.64208e+06
5.64033e+06
5.64018e+06
5.63752e+06
5.63613e+06
5.63514e+06
5.63363e+06
5.63277e+06
5.62902e+06
5.62814e+06
5.62746e+06
5.62699e+06
5.62396e+06
5.62055e+06
5.62055e+06
5.62055e+06
5.62004e+06
5.61833e+06
5.61833e+06
5.61563e+06
5.61447e+06
5.61389e+06
5.6138e+06
5.61342e+06
5.61132e+06
5.60971e+06
5.60956e+06
5.60853e+06
5.60756e+06
5.60616e+06
5.60407e+06
5.60392e+06
5.6036e+06
5.60196e+06
5.59991e+06
5.59882e+06
5.59832e+06
5.59601e+06
5.596e+06
5.59365e+06
5.59254e+06
5.59194e+06
5.59054e+06
5.58972e+06
5.58907e+06
5.5872e+06
5.58543e+06
5.58412e+06
5.58412e+06
5.58345e+06
5.5823e+06
5.58031e+06
5.58031e+06
5.57934e+06
5.57768e+06
5.57596e+06
5.57559e+06
5.57228e+06
5.56735e+06
5.56734e+06
5.5662e+06
5.5662e+06
5.5661e+06
5.56404e+06
5.56368e+06
5.56195e+06
5.56145e+06
5.56061e+06
5.56044e+06
5.55844e+06
5.55673e+06
5.55527e+06
5.55523e+06
5.55432e+06
5.55097e+06
5.55097e+06
5.54933e+06
5.54777e+06
5.54729e+06
5.54691e+06
5.54549e+06
5.54258e+06
5.54127e+06
5.54068e+06
5.54017e+06
5.53931e+06
5.53886e+06
5.53808e+06
5.53575e+06
5.53575e+06
5.53459e+06
5.53237e+06
5.53167e+06
5.53054e+06
5.52928e+06
5.52928e+06
5.52607e+06
5.52485e+06
5.52369e+06
5.52369e+06
5.52096e+06
5.52096e+06
5.52058e+06
5.51853e+06
5.51837e+06
5.51751e+06
5.51701e+06
5.51519e+06
5.51482e+06
5.5129e+06
5.50936e+06
5.50898e+06
5.50898e+06
5.50692e+06
5.50611e+06
5.5059e+06
5.50497e+06
5.50452e+06
5.50226e+06
5.50217e+06
5.50004e+06
5.49812e+06
5.49713e+06
5.49088e+06
5.49088e+06
5.49064e+06
5.48907e+06
5.48863e+06
5.48752e+06
5.48701e+06
5.48678e+06
5.48641e+06
5.48589e+06
5.48215e+06
5.48209e+06
5.48079e+06
5.48064e+06
5.47863e+06
5.47821e+06
5.47618e+06
5.47547e+06
5.47464e+06
5.47396e+06
5.4729e+06
5.47231e+06
5.47231e+06
5.47018e+06
5.46598e+06
5.46465e+06
5.46465e+06
5.46411e+06
5.46357e+06
5.46024e+06
5.46024e+06
5.45922e+06
5.45908e+06
5.4563e+06
5.4563e+06
5.45543e+06
5.45501e+06
5.45194e+06
5.45194e+06
5.45194e+06
5.45184e+06
5.44989e+06
5.44847e+06
5.44823e+06
5.44699e+06
5.44597e+06
5.44581e+06
5.44214e+06
5.4403e+06
5.4403e+06
5.43978e+06
5.43913e+06
5.43816e+06
5.435e+06
5.435e+06
5.43459e+06
5.4328e+06
5.4324e+06
5.43142e+06
5.43103e+06
5.42466e+06
5.42352e+06
5.42288e+06
5.42288e+06
5.4226e+06
5.42185e+06
5.42185e+06
5.42083e+06
5.41887e+06
5.41874e+06
5.41752e+06
5.41752e+06
5.41651e+06
5.41444e+06
5.41379e+06
5.41106e+06
5.41106e+06
5.41016e+06
5.40849e+06
5.40806e+06
5.40806e+06
5.40629e+06
5.40228e+06
5.40228e+06
5.40228e+06
5.40063e+06
5.40012e+06
5.39825e+06
5.39772e+06
5.39728e+06
5.39592e+06
5.39484e+06
5.39188e+06
5.3918e+06
5.38935e+06
5.38823e+06
5.38692e+06
5.38692e+06
5.3867e+06
5.38543e+06
5.38459e+06
5.38358e+06
5.38242e+06
5.38185e+06
5.38055e+06
5.37942e+06
5.37838e+06
5.37763e+06
5.37504e+06
5.37474e+06
5.37474e+06
5.37332e+06
5.37289e+06
5.37125e+06
5.36918e+06
5.36918e+06
5.36882e+06
5.36731e+06
5.36494e+06
5.36494e+06
5.36417e+06
5.36225e+06
5.36225e+06
5.3614e+06
5.3598e+06
5.35924e+06
5.35835e+06
5.35718e+06
5.35621e+06
5.35512e+06
5.3528e+06
5.35215e+06
5.35154e+06
5.35087e+06
5.34906e+06
5.34852e+06
5.34747e+06
5.34617e+06
5.34581e+06
5.3455e+06
5.3443e+06
5.34287e+06
5.34132e+06
5.34125e+06
5.34112e+06
5.33989e+06
5.33898e+06
5.33781e+06
5.33603e+06
5.33468e+06
5.33468e+06
5.33308e+06
5.33308e+06
5.3314e+06
5.33023e+06
5.32907e+06
5.32907e+06
5.32742e+06
5.32675e+06
5.32558e+06
5.32504e+06
5.32446e+06
5.32219e+06
5.32176e+06
5.31859e+06
5.31857e+06
5.3157e+06
5.31541e+06
5.31541e+06
5.31374e+06
5.31359e+06
5.31269e+06
5.31231e+06
5.31083e+06
5.31083e+06
5.31015e+06
5.30974e+06
5.30804e+06
5.30728e+06
5.30639e+06
5.30384e+06
5.30101e+06
5.30101e+06
5.3004e+06
5.3004e+06
5.29832e+06
5.29785e+06
5.29677e+06
5.29677e+06
5.29569e+06
5.29374e+06
5.29305e+06
5.29305e+06
5.29188e+06
5.29017e+06
5.2896e+06
5.28897e+06
5.28841e+06
5.28764e+06
5.28714e+06
5.28607e+06
5.28349e+06
5.28315e+06
5.28279e+06
5.28188e+06
5.27985e+06
5.2794e+06
5.27782e+06
5.27698e+06
5.27554e+06
5.27498e+06
5.27186e+06
5.27186e+06
5.27031e+06
5.27013e+06
5.26878e+06
5.26719e+06
5.25596e+06
5.25573e+06
5.25573e+06
5.25573e+06
5.25457e+06
5.25259e+06
5.2523e+06
5.25188e+06
5.25152e+06
5.25092e+06
5.2498e+06
5.24691e+06
5.24619e+06
5.24619e+06
5.24499e+06
5.24251e+06
5.24251e+06
5.24251e+06
5.24084e+06
5.24052e+06
5.23426e+06
5.23426e+06
5.23426e+06
5.23333e+06
5.23144e+06
5.23112e+06
5.23086e+06
5.22872e+06
5.22791e+06
5.22389e+06
5.22384e+06
5.22233e+06
5.22233e+06
5.22209e+06
5.22062e+06
5.22014e+06
5.21998e+06
5.21852e+06
5.21805e+06
5.21669e+06
5.2165e+06
5.21443e+06
5.21394e+06
5.21348e+06
5.2115e+06
5.21109e+06
5.21096e+06
5.21024e+06
5.20659e+06
5.20656e+06
5.20656e+06
5.20557e+06
5.20547e+06
5.20357e+06
5.20357e+06
5.19951e+06
5.1992e+06
5.19875e+06
5.19819e+06
5.19819e+06
5.19732e+06
5.19674e+06
5.19583e+06
5.19523e+06
5.19388e+06
5.19203e+06
5.19024e+06
5.18935e+06
5.18808e+06
5.18749e+06
5.18749e+06
5.18626e+06
5.18512e+06
5.18434e+06
5.18419e+06
5.18214e+06
5.18211e+06
5.18139e+06
5.1807e+06
5.18008e+06
5.1776e+06
5.1776e+06
5.17643e+06
5.17561e+06
5.17556e+06
5.17254e+06
5.17254e+06
5.17174e+06
5.17174e+06
5.16761e+06
5.16761e+06
5.16659e+06
5.16615e+06
5.16506e+06
5.16417e+06
5.16417e+06
5.16231e+06
5.16028e+06
5.16026e+06
5.15995e+06
5.15874e+06
5.1584e+06
5.15727e+06
5.1563e+06
5.15597e+06
5.15308e+06
5.15308e+06
5.15141e+06
5.15097e+06
5.1495e+06
5.14905e+06
5.14692e+06
5.14692e+06
5.14615e+06
5.14534e+06
5.14534e+06
5.14198e+06
5.14135e+06
5.14099e+06
5.1409e+06
5.13914e+06
5.13842e+06
5.13715e+06
5.13645e+06
5.13565e+06
5.13257e+06
5.12553e+06
5.12553e+06
5.12553e+06
5.12474e+06
5.12474e+06
5.1242e+06
5.12296e+06
5.12276e+06
5.12021e+06
5.11979e+06
5.1192e+06
5.1192e+06
5.118e+06
5.11705e+06
5.11559e+06
5.11543e+06
5.11477e+06
5.11374e+06
5.11297e+06
5.11209e+06
5.11058e+06
5.10941e+06
5.10783e+06
5.10783e+06
5.10618e+06
5.10596e+06
5.10519e+06
5.10405e+06
5.10322e+06
5.10038e+06
5.10038e+06
5.09944e+06
5.09786e+06
5.09786e+06
5.097e+06
5.09567e+06
5.09511e+06
5.09471e+06
5.09393e+06
5.09352e+06
5.0926e+06
5.09231e+06
5.08968e+06
5.08839e+06
5.08691e+06
5.08691e+06
5.08547e+06
5.08545e+06
5.08507e+06
5.08328e+06
5.08271e+06
5.07996e+06
5.07996e+06
5.07807e+06
5.07807e+06
5.0767e+06
5.0767e+06
5.07616e+06
5.07478e+06
5.07478e+06
5.07319e+06
5.07254e+06
5.07079e+06
5.06999e+06
5.06763e+06
5.06727e+06
5.06653e+06
5.06508e+06
5.06489e+06
5.06463e+06
5.06339e+06
5.06238e+06
5.0597e+06
5.0597e+06
5.05867e+06
5.05846e+06
5.05818e+06
5.05727e+06
5.05596e+06
5.05589e+06
5.05589e+06
5.05456e+06
5.05456e+06
5.05183e+06
5.05182e+06
5.05132e+06
5.05037e+06
5.04851e+06
5.04851e+06
5.04747e+06
5.0467e+06
5.04542e+06
5.04524e+06
5.04386e+06
5.04386e+06
5.0414e+06
5.0414e+06
5.04057e+06
5.04049e+06
5.03825e+06
5.03774e+06
5.03732e+06
5.03581e+06
5.03533e+06
5.03327e+06
5.0327e+06
5.0327e+06
5.03182e+06
5.03112e+06
5.02662e+06
5.02662e+06
5.02657e+06
5.02608e+06
5.02558e+06
5.02347e+06
5.02292e+06
5.02288e+06
5.02119e+06
5.02073e+06
5.02032e+06
5.01818e+06
5.01715e+06
5.01715e+06
5.01612e+06
5.01612e+06
5.01372e+06
5.01195e+06
5.01195e+06
5.01195e+06
5.01072e+06
5.00915e+06
5.00835e+06
5.00835e+06
5.00767e+06
5.00691e+06
5.00403e+06
5.00262e+06
4.99794e+06
4.99794e+06
4.99785e+06
4.99726e+06
4.99685e+06
4.99659e+06
4.99488e+06
4.99475e+06
4.99451e+06
4.99402e+06
4.99236e+06
4.98971e+06
4.9897e+06
4.9897e+06
4.98832e+06
4.98766e+06
4.98693e+06
4.98676e+06
4.98558e+06
4.98468e+06
4.98407e+06
4.98356e+06
4.98251e+06
4.98215e+06
4.98064e+06
4.97986e+06
4.97958e+06
4.97767e+06
4.97715e+06
4.97661e+06
4.97632e+06
4.97432e+06
4.97308e+06
4.97283e+06
4.97105e+06
4.97105e+06
4.96894e+06
4.96894e+06
4.96894e+06
4.9667e+06
4.96584e+06
4.96225e+06
4.96225e+06
4.96007e+06
4.96007e+06
4.95983e+06
4.95979e+06
4.95808e+06
4.95808e+06
4.95698e+06
4.95698e+06
4.95636e+06
4.95462e+06
4.95383e+06
4.95088e+06
4.95088e+06
4.95005e+06
4.94984e+06
4.94751e+06
4.94702e+06
4.94688e+06
4.944e+06
4.94356e+06
4.9422e+06
4.9422e+06
4.94119e+06
4.93967e+06
4.93926e+06
4.93881e+06
4.93881e+06
4.93771e+06
4.93711e+06
4.93498e+06
4.93054e+06
4.93029e+06
4.93029e+06
4.92967e+06
4.92908e+06
4.92842e+06
4.92642e+06
4.92417e+06
4.92401e+06
4.92294e+06
4.92198e+06
4.92159e+06
4.92152e+06
4.92127e+06
4.91971e+06
4.91971e+06
4.91791e+06
4.9179e+06
4.91717e+06
4.91347e+06
4.91347e+06
4.91347e+06
4.91181e+06
4.91181e+06
4.91162e+06
4.91046e+06
4.90952e+06
4.90866e+06
4.90742e+06
4.90742e+06
4.90641e+06
4.90542e+06
4.90314e+06
4.90314e+06
4.90232e+06
4.89893e+06
4.89893e+06
4.89893e+06
4.8985e+06
4.89721e+06
4.89544e+06
4.8949e+06
4.89489e+06
4.89422e+06
4.8936e+06
4.89308e+06
4.89187e+06
4.89115e+06
4.89012e+06
4.8876e+06
4.8876e+06
4.8876e+06
4.88699e+06
4.88678e+06
4.88611e+06
4.88454e+06
4.88385e+06
4.88333e+06
4.88276e+06
4.88231e+06
4.8814e+06
4.87998e+06
4.87853e+06
4.87746e+06
4.8768e+06
4.87666e+06
4.87606e+06
4.87496e+06
4.87496e+06
4.87318e+06
4.87304e+06
4.87016e+06
4.87016e+06
4.87005e+06
4.86398e+06
4.86398e+06
4.86343e+06
4.86152e+06
4.86111e+06
4.85892e+06
4.85866e+06
4.8582e+06
4.85795e+06
4.8573e+06
4.85592e+06
4.85592e+06
4.85557e+06
4.85368e+06
4.8507e+06
4.8507e+06
4.85019e+06
4.84996e+06
4.84867e+06
4.84738e+06
4.84678e+06
4.84607e+06
4.84507e+06
4.84429e+06
4.8441e+06
4.84336e+06
4.84336e+06
4.84295e+06
4.84236e+06
4.84138e+06
4.84013e+06
4.84013e+06
4.83932e+06
4.83825e+06
4.83781e+06
4.83637e+06
4.83579e+06
4.83502e+06
4.8338e+06
4.8338e+06
4.83272e+06
4.8299e+06
4.82959e+06
4.82732e+06
4.82732e+06
4.82641e+06
4.82641e+06
4.82641e+06
4.82445e+06
4.82445e+06
4.82406e+06
4.82259e+06
4.82259e+06
4.82259e+06
4.82182e+06
4.82029e+06
4.81952e+06
4.81919e+06
4.818e+06
4.81573e+06
4.81478e+06
4.81478e+06
4.8139e+06
4.81385e+06
4.81382e+06
4.8125e+06
4.81232e+06
4.81124e+06
4.81022e+06
4.80957e+06
4.80849e+06
4.8084e+06
4.80786e+06
4.80701e+06
4.80572e+06
4.80487e+06
4.80379e+06
4.80379e+06
4.80302e+06
4.80299e+06
4.80241e+06
4.80108e+06
4.8002e+06
4.79984e+06
4.79959e+06
4.79617e+06
4.79549e+06
4.79521e+06
4.79429e+06
4.79391e+06
4.7938e+06
4.79356e+06
4.79187e+06
4.79141e+06
4.79141e+06
4.79035e+06
4.78972e+06
4.78897e+06
4.78844e+06
4.78777e+06
4.78675e+06
4.7865e+06
4.78511e+06
4.78447e+06
4.78447e+06
4.78345e+06
4.78225e+06
4.78199e+06
4.78012e+06
4.77953e+06
4.77896e+06
4.77857e+06
4.77795e+06
4.77648e+06
4.77615e+06
4.77486e+06
4.77476e+06
4.77422e+06
4.77344e+06
4.7731e+06
4.77212e+06
4.77119e+06
4.77086e+06
4.77018e+06
4.77018e+06
4.7689e+06
4.76872e+06
4.7677e+06
4.76344e+06
4.76255e+06
4.76255e+06
4.7617e+06
4.7617e+06
4.76146e+06
4.76028e+06
4.76028e+06
4.75971e+06
4.75958e+06
4.75739e+06
4.75694e+06
4.75689e+06
4.75583e+06
4.7555e+06
4.75425e+06
4.75243e+06
4.75243e+06
4.75152e+06
4.75036e+06
4.75036e+06
4.74855e+06
4.7484e+06
4.74738e+06
4.74586e+06
4.74586e+06
4.74586e+06
4.74494e+06
4.74351e+06
4.74272e+06
4.74192e+06
4.74192e+06
4.74149e+06
4.74053e+06
4.73888e+06
4.73645e+06
4.73642e+06
4.73642e+06
4.7362e+06
4.73542e+06
4.73371e+06
4.73301e+06
4.73172e+06
4.73042e+06
4.73042e+06
4.73017e+06
4.72883e+06
4.72802e+06
4.72768e+06
4.72697e+06
4.72628e+06
4.72601e+06
4.72416e+06
4.72372e+06
4.72372e+06
4.72283e+06
4.72283e+06
4.72262e+06
4.72152e+06
4.71965e+06
4.71868e+06
4.71868e+06
4.71528e+06
4.71528e+06
4.71528e+06
4.71447e+06
4.71447e+06
4.71381e+06
4.71356e+06
4.71131e+06
4.70931e+06
4.70924e+06
4.70924e+06
4.70822e+06
4.70728e+06
4.70728e+06
4.70663e+06
4.70616e+06
4.70583e+06
4.70533e+06
4.7017e+06
4.70124e+06
4.70115e+06
4.70094e+06
4.69994e+06
4.69845e+06
4.69746e+06
4.69701e+06
4.69671e+06
4.69656e+06
4.6953e+06
4.69393e+06
4.69353e+06
4.69324e+06
4.69207e+06
4.69063e+06
4.69063e+06
4.69051e+06
4.69007e+06
4.68955e+06
4.68817e+06
4.68711e+06
4.68573e+06
4.68573e+06
4.68507e+06
4.6843e+06
4.68203e+06
4.6819e+06
4.68153e+06
4.68127e+06
4.68031e+06
4.68031e+06
4.6797e+06
4.67879e+06
4.67444e+06
4.67444e+06
4.67375e+06
4.67343e+06
4.67158e+06
4.67156e+06
4.67121e+06
4.67115e+06
4.66875e+06
4.66864e+06
4.66837e+06
4.66766e+06
4.66674e+06
4.66619e+06
4.66518e+06
4.66346e+06
4.66341e+06
4.66235e+06
4.66235e+06
4.66235e+06
4.66162e+06
4.66115e+06
4.66053e+06
4.65871e+06
4.65871e+06
4.65666e+06
4.6559e+06
4.6559e+06
4.6558e+06
4.65382e+06
4.65368e+06
4.65368e+06
4.65321e+06
4.65275e+06
4.65188e+06
4.65065e+06
4.64813e+06
4.64702e+06
4.64585e+06
4.64585e+06
4.64545e+06
4.64545e+06
4.64384e+06
4.64374e+06
4.64161e+06
4.64115e+06
4.6403e+06
4.63958e+06
4.6391e+06
4.63847e+06
4.63771e+06
4.63686e+06
4.636e+06
4.63516e+06
4.63462e+06
4.63457e+06
4.63412e+06
4.63297e+06
4.6322e+06
4.63135e+06
4.63012e+06
4.62973e+06
4.62928e+06
4.62895e+06
4.62814e+06
4.62737e+06
4.62737e+06
4.62421e+06
4.62398e+06
4.62396e+06
4.62307e+06
4.6224e+06
4.62172e+06
4.62172e+06
4.62122e+06
4.61981e+06
4.61979e+06
4.61887e+06
4.61859e+06
4.61659e+06
4.61627e+06
4.61579e+06
4.61428e+06
4.61421e+06
4.61402e+06
4.6134e+06
4.61213e+06
4.61197e+06
4.61167e+06
4.61115e+06
4.61115e+06
4.60946e+06
4.60734e+06
4.607e+06
4.6059e+06
4.60562e+06
4.60562e+06
4.6043e+06
4.60391e+06
4.60288e+06
4.60237e+06
4.60044e+06
4.60044e+06
4.60044e+06
4.59873e+06
4.59853e+06
4.59694e+06
4.59694e+06
4.59694e+06
4.59582e+06
4.59582e+06
4.59358e+06
4.59352e+06
4.59293e+06
4.59152e+06
4.5903e+06
4.58987e+06
4.58983e+06
4.58922e+06
4.58734e+06
4.58734e+06
4.58572e+06
4.58572e+06
4.58572e+06
4.58531e+06
4.5843e+06
4.58401e+06
4.58149e+06
4.58149e+06
4.58127e+06
4.58028e+06
4.57914e+06
4.57914e+06
4.57744e+06
4.57744e+06
4.57744e+06
4.5773e+06
4.57497e+06
4.57497e+06
4.57461e+06
4.57331e+06
4.57314e+06
4.57276e+06
4.57173e+06
4.57165e+06
4.57104e+06
4.56919e+06
4.56892e+06
4.56884e+06
4.56791e+06
4.56742e+06
4.56656e+06
4.56587e+06
4.56584e+06
4.56502e+06
4.56405e+06
4.56299e+06
4.56274e+06
4.56193e+06
4.56119e+06
4.56115e+06
4.56046e+06
4.56029e+06
4.55938e+06
4.55603e+06
4.55603e+06
4.55491e+06
4.55491e+06
4.55427e+06
4.5532e+06
4.55241e+06
4.55234e+06
4.55188e+06
4.54992e+06
4.54992e+06
4.54967e+06
4.54944e+06
4.54835e+06
4.54739e+06
4.54654e+06
4.54616e+06
4.54568e+06
4.54546e+06
4.54507e+06
4.54436e+06
4.54309e+06
4.54263e+06
4.54169e+06
4.54164e+06
4.54033e+06
4.53999e+06
4.53999e+06
4.53859e+06
4.53794e+06
4.53786e+06
4.53732e+06
4.53636e+06
4.53529e+06
4.53529e+06
4.53469e+06
4.53309e+06
4.5328e+06
4.53271e+06
4.5321e+06
4.53173e+06
4.52995e+06
4.5293e+06
4.52871e+06
4.52777e+06
4.52742e+06
4.52719e+06
4.52719e+06
4.52616e+06
4.52536e+06
4.52496e+06
4.52449e+06
4.52397e+06
4.52316e+06
4.52223e+06
4.522e+06
4.5217e+06
4.52092e+06
4.52021e+06
4.51934e+06
4.51895e+06
4.51836e+06
4.51646e+06
4.51548e+06
4.51548e+06
4.51417e+06
4.51417e+06
4.51402e+06
4.51333e+06
4.51254e+06
4.51254e+06
4.51166e+06
4.5115e+06
4.5097e+06
4.50876e+06
4.50876e+06
4.50811e+06
4.50704e+06
4.50704e+06
4.50649e+06
4.50541e+06
4.50397e+06
4.50339e+06
4.5031e+06
4.4978e+06
4.4978e+06
4.49748e+06
4.49705e+06
4.49634e+06
4.49553e+06
4.49553e+06
4.49489e+06
4.49395e+06
4.49384e+06
4.49289e+06
4.49287e+06
4.49263e+06
4.49184e+06
4.49163e+06
4.48958e+06
4.48934e+06
4.48902e+06
4.48673e+06
4.48673e+06
4.48627e+06
4.48513e+06
4.48505e+06
4.48444e+06
4.48232e+06
4.48232e+06
4.48232e+06
4.48103e+06
4.48096e+06
4.48046e+06
4.48046e+06
4.47999e+06
4.4797e+06
4.47842e+06
4.47841e+06
4.47795e+06
4.47729e+06
4.47637e+06
4.47563e+06
4.47399e+06
4.47399e+06
4.47399e+06
4.47322e+06
4.47266e+06
4.47165e+06
4.47165e+06
4.47056e+06
4.46932e+06
4.46932e+06
4.4684e+06
4.46814e+06
4.46718e+06
4.46689e+06
4.46629e+06
4.4653e+06
4.46448e+06
4.46442e+06
4.46296e+06
4.46286e+06
4.46248e+06
4.46171e+06
4.46146e+06
4.45994e+06
4.45989e+06
4.45846e+06
4.45707e+06
4.45707e+06
4.45707e+06
4.45593e+06
4.45542e+06
4.45502e+06
4.45399e+06
4.45338e+06
4.45277e+06
4.45258e+06
4.45209e+06
4.45161e+06
4.45084e+06
4.45059e+06
4.44969e+06
4.44902e+06
4.44878e+06
4.44845e+06
4.44803e+06
4.44758e+06
4.44556e+06
4.44514e+06
4.4426e+06
4.44198e+06
4.44181e+06
4.43977e+06
4.43977e+06
4.43977e+06
4.43977e+06
4.43842e+06
4.43819e+06
4.43724e+06
4.43724e+06
4.43655e+06
4.43622e+06
4.43538e+06
4.43442e+06
4.43391e+06
4.43367e+06
4.43288e+06
4.43224e+06
4.43195e+06
4.43195e+06
4.43046e+06
4.42931e+06
4.4291e+06
4.42884e+06
4.42726e+06
4.42724e+06
4.42664e+06
4.42518e+06
4.42483e+06
4.42461e+06
4.42367e+06
4.42307e+06
4.42252e+06
4.42169e+06
4.42169e+06
4.42146e+06
4.41988e+06
4.41988e+06
4.4169e+06
4.41617e+06
4.41549e+06
4.41549e+06
4.41547e+06
4.41445e+06
4.41445e+06
4.41262e+06
4.41262e+06
4.40895e+06
4.4084e+06
4.40783e+06
4.40783e+06
4.40707e+06
4.40544e+06
4.40544e+06
4.40527e+06
4.40527e+06
4.40517e+06
4.40428e+06
4.40411e+06
4.40257e+06
4.40195e+06
4.4006e+06
4.40016e+06
4.39945e+06
4.3992e+06
4.39765e+06
4.39765e+06
4.39718e+06
4.39718e+06
4.39554e+06
4.39443e+06
4.39443e+06
4.39427e+06
4.39345e+06
4.39274e+06
4.39149e+06
4.39149e+06
4.39123e+06
4.39007e+06
4.39007e+06
4.38936e+06
4.38893e+06
4.38861e+06
4.38773e+06
4.38679e+06
4.38679e+06
4.38546e+06
4.38519e+06
4.38439e+06
4.38343e+06
4.38343e+06
4.38307e+06
4.38218e+06
4.38209e+06
4.38066e+06
4.37984e+06
4.3796e+06
4.379e+06
4.37821e+06
4.37821e+06
4.37764e+06
4.37724e+06
4.37542e+06
4.37542e+06
4.37542e+06
4.3749e+06
4.37477e+06
4.37277e+06
4.37218e+06
4.37214e+06
4.37165e+06
4.3704e+06
4.3699e+06
4.3699e+06
4.36922e+06
4.36879e+06
4.36683e+06
4.36683e+06
4.36663e+06
4.36601e+06
4.36587e+06
4.36371e+06
4.36371e+06
4.36352e+06
4.3632e+06
4.36211e+06
4.36205e+06
4.36188e+06
4.36073e+06
4.36073e+06
4.35983e+06
4.35979e+06
4.35937e+06
4.35754e+06
4.35407e+06
4.35407e+06
4.35407e+06
4.35374e+06
4.35306e+06
4.35247e+06
4.35247e+06
4.35172e+06
4.35119e+06
4.34986e+06
4.34907e+06
4.34906e+06
4.34739e+06
4.34739e+06
4.34738e+06
4.34659e+06
4.34645e+06
4.34576e+06
4.3455e+06
4.34432e+06
4.34375e+06
4.34289e+06
4.34171e+06
4.34171e+06
4.3412e+06
4.34068e+06
4.34068e+06
4.3395e+06
4.3395e+06
4.33794e+06
4.33774e+06
4.33735e+06
4.33662e+06
4.3345e+06
4.33384e+06
4.33384e+06
4.33384e+06
4.33319e+06
4.33286e+06
4.33207e+06
4.33149e+06
4.33069e+06
4.33038e+06
4.32972e+06
4.32931e+06
4.32785e+06
4.32769e+06
4.32769e+06
4.32672e+06
4.32657e+06
4.32604e+06
4.32475e+06
4.324e+06
4.324e+06
4.32271e+06
4.32248e+06
4.32248e+06
4.32158e+06
4.32142e+06
4.31861e+06
4.31803e+06
4.31803e+06
4.31803e+06
4.31799e+06
4.3171e+06
4.31706e+06
4.31511e+06
4.31511e+06
4.31438e+06
4.31414e+06
4.31373e+06
4.31307e+06
4.31206e+06
4.31108e+06
4.31094e+06
4.30757e+06
4.30757e+06
4.30737e+06
4.30658e+06
4.30601e+06
4.30601e+06
4.30552e+06
4.30513e+06
4.30449e+06
4.30434e+06
4.30316e+06
4.30316e+06
4.30308e+06
4.30226e+06
4.30121e+06
4.30121e+06
4.29942e+06
4.29921e+06
4.29907e+06
4.29907e+06
4.298e+06
4.29638e+06
4.29637e+06
4.29637e+06
4.2959e+06
4.29418e+06
4.29334e+06
4.29327e+06
4.29144e+06
4.29144e+06
4.29125e+06
4.29125e+06
4.29014e+06
4.28977e+06
4.28977e+06
4.28919e+06
4.28862e+06
4.28824e+06
4.2877e+06
4.28539e+06
4.28539e+06
4.2851e+06
4.2851e+06
4.28401e+06
4.28356e+06
4.28309e+06
4.28239e+06
4.28228e+06
4.2809e+06
4.28055e+06
4.28014e+06
4.27922e+06
4.27885e+06
4.2781e+06
4.27757e+06
4.27727e+06
4.27705e+06
4.27529e+06
4.27506e+06
4.27446e+06
4.27327e+06
4.27318e+06
4.27291e+06
4.27243e+06
4.27236e+06
4.27125e+06
4.27063e+06
4.27035e+06
4.26944e+06
4.26747e+06
4.26747e+06
4.26733e+06
4.26725e+06
4.26668e+06
4.26613e+06
4.2658e+06
4.26491e+06
4.26463e+06
4.26302e+06
4.26291e+06
4.26171e+06
4.2615e+06
4.2613e+06
4.26097e+06
4.2606e+06
4.26008e+06
4.25929e+06
4.25756e+06
4.25682e+06
4.25682e+06
4.25427e+06
4.25427e+06
4.25423e+06
4.25245e+06
4.25245e+06
4.25245e+06
4.25224e+06
4.25153e+06
4.25135e+06
4.25077e+06
4.25037e+06
4.24922e+06
4.24922e+06
4.24884e+06
4.248e+06
4.24749e+06
4.24542e+06
4.24519e+06
4.24432e+06
4.24279e+06
4.2421e+06
4.2421e+06
4.24167e+06
4.24148e+06
4.24044e+06
4.24011e+06
4.24009e+06
4.23903e+06
4.23749e+06
4.23749e+06
4.23726e+06
4.23703e+06
4.23683e+06
4.23583e+06
4.23552e+06
4.23489e+06
4.23433e+06
4.23433e+06
4.23344e+06
4.23344e+06
4.23194e+06
4.23095e+06
4.22991e+06
4.22991e+06
4.22991e+06
4.22741e+06
4.22741e+06
4.22699e+06
4.22685e+06
4.22588e+06
4.22546e+06
4.22546e+06
4.22428e+06
4.22359e+06
4.22241e+06
4.22241e+06
4.22214e+06
4.22178e+06
4.22135e+06
4.22041e+06
4.22041e+06
4.22e+06
4.21872e+06
4.21841e+06
4.21841e+06
4.21765e+06
4.21556e+06
4.21556e+06
4.21489e+06
4.21374e+06
4.21306e+06
4.21306e+06
4.21296e+06
4.21256e+06
4.21208e+06
4.21089e+06
4.21005e+06
4.21005e+06
4.20997e+06
4.20913e+06
4.20898e+06
4.20871e+06
4.20814e+06
4.20705e+06
4.20632e+06
4.20615e+06
4.20588e+06
4.20558e+06
4.20409e+06
4.20409e+06
4.20307e+06
4.20277e+06
4.1998e+06
4.1998e+06
4.19936e+06
4.19936e+06
4.19889e+06
4.19779e+06
4.19694e+06
4.19694e+06
4.19645e+06
4.19611e+06
4.19579e+06
4.19514e+06
4.1942e+06
4.19369e+06
4.19355e+06
4.19302e+06
4.19213e+06
4.19213e+06
4.18962e+06
4.18934e+06
4.18923e+06
4.18784e+06
4.18759e+06
4.18707e+06
4.18631e+06
4.18597e+06
4.18512e+06
4.18423e+06
4.18373e+06
4.18373e+06
4.18367e+06
4.1804e+06
4.1804e+06
4.18034e+06
4.18026e+06
4.18015e+06
4.17911e+06
4.17717e+06
4.17717e+06
4.17652e+06
4.17651e+06
4.17575e+06
4.17564e+06
4.17479e+06
4.17477e+06
4.17436e+06
4.17361e+06
4.17281e+06
4.17253e+06
4.17092e+06
4.17092e+06
4.17088e+06
4.17013e+06
4.16967e+06
4.16838e+06
4.16547e+06
4.16547e+06
4.16533e+06
4.16404e+06
4.16388e+06
4.16361e+06
4.16324e+06
4.16267e+06
4.16246e+06
4.16188e+06
4.16123e+06
4.16123e+06
4.16093e+06
4.16025e+06
4.15828e+06
4.15728e+06
4.15728e+06
4.15728e+06
4.15672e+06
4.1564e+06
4.1561e+06
4.15539e+06
4.15464e+06
4.15464e+06
4.15301e+06
4.15301e+06
4.15252e+06
4.15189e+06
4.1515e+06
4.15096e+06
4.15047e+06
4.15005e+06
4.14994e+06
4.14898e+06
4.14843e+06
4.14788e+06
4.14689e+06
4.14627e+06
4.14602e+06
4.14566e+06
4.14488e+06
4.14474e+06
4.14446e+06
4.14385e+06
4.14329e+06
4.14233e+06
4.13922e+06
4.13922e+06
4.13922e+06
4.13916e+06
4.13889e+06
4.13889e+06
4.13815e+06
4.13756e+06
4.13692e+06
4.13692e+06
4.13651e+06
4.136e+06
4.13501e+06
4.13408e+06
4.13348e+06
4.13312e+06
4.13312e+06
4.13171e+06
4.13136e+06
4.1308e+06
4.13037e+06
4.13037e+06
4.12878e+06
4.12865e+06
4.12865e+06
4.12685e+06
4.12685e+06
4.1268e+06
4.12641e+06
4.12573e+06
4.12499e+06
4.12483e+06
4.12323e+06
4.12323e+06
4.12323e+06
4.12175e+06
4.12173e+06
4.12128e+06
4.12106e+06
4.12014e+06
4.11961e+06
4.11859e+06
4.11743e+06
4.11664e+06
4.11664e+06
4.11645e+06
4.11601e+06
4.11601e+06
4.11484e+06
4.11484e+06
4.11446e+06
4.11329e+06
4.11329e+06
4.11248e+06
4.11232e+06
4.11164e+06
4.11009e+06
4.11009e+06
4.10993e+06
4.10944e+06
4.10732e+06
4.10732e+06
4.10723e+06
4.10723e+06
4.10698e+06
4.10593e+06
4.10583e+06
4.10352e+06
4.1028e+06
4.1028e+06
4.10161e+06
4.10161e+06
4.10054e+06
4.09955e+06
4.09916e+06
4.09767e+06
4.09767e+06
4.09759e+06
4.09716e+06
4.09675e+06
4.09675e+06
4.09523e+06
4.09508e+06
4.09501e+06
4.09493e+06
4.0937e+06
4.0933e+06
4.0933e+06
4.09296e+06
4.09108e+06
4.09106e+06
4.09087e+06
4.08992e+06
4.08936e+06
4.08921e+06
4.08739e+06
4.08739e+06
4.08739e+06
4.08519e+06
4.08519e+06
4.08515e+06
4.08429e+06
4.08376e+06
4.08309e+06
4.08043e+06
4.08043e+06
4.08043e+06
4.08043e+06
4.07998e+06
4.07998e+06
4.07953e+06
4.07933e+06
4.07879e+06
4.07841e+06
4.07713e+06
4.07624e+06
4.07538e+06
4.07531e+06
4.0741e+06
4.07239e+06
4.07239e+06
4.07197e+06
4.07197e+06
4.07137e+06
4.07137e+06
4.0711e+06
4.07003e+06
4.06929e+06
4.06848e+06
4.06848e+06
4.06785e+06
4.06785e+06
4.06736e+06
4.06651e+06
4.06632e+06
4.06619e+06
4.06445e+06
4.06445e+06
4.06373e+06
4.06344e+06
4.06159e+06
4.06115e+06
4.06104e+06
4.06104e+06
4.06071e+06
4.06006e+06
4.05928e+06
4.05915e+06
4.05915e+06
4.05751e+06
4.05751e+06
4.05675e+06
4.05648e+06
4.05577e+06
4.05537e+06
4.05338e+06
4.05338e+06
4.05338e+06
4.05207e+06
4.05207e+06
4.05081e+06
4.05046e+06
4.05038e+06
4.05016e+06
4.04959e+06
4.04959e+06
4.04848e+06
4.04586e+06
4.04578e+06
4.04578e+06
4.04453e+06
4.04453e+06
4.04443e+06
4.04351e+06
4.04351e+06
4.04276e+06
4.04133e+06
4.04133e+06
4.04127e+06
4.04005e+06
4.03985e+06
4.03959e+06
4.03827e+06
4.03816e+06
4.03756e+06
4.03672e+06
4.03651e+06
4.03629e+06
4.03538e+06
4.03538e+06
4.03538e+06
4.03306e+06
4.03306e+06
4.03306e+06
4.03233e+06
4.03233e+06
4.03146e+06
4.0313e+06
4.03098e+06
4.03019e+06
4.02949e+06
4.02918e+06
4.02739e+06
4.02739e+06
4.02674e+06
4.02674e+06
4.02674e+06
4.02502e+06
4.02496e+06
4.02315e+06
4.02315e+06
4.02315e+06
4.02306e+06
4.02273e+06
4.02214e+06
4.02106e+06
4.0203e+06
4.02028e+06
4.02001e+06
4.01906e+06
4.01903e+06
4.01803e+06
4.01791e+06
4.01705e+06
4.01575e+06
4.01575e+06
4.01575e+06
4.01486e+06
4.01378e+06
4.01359e+06
4.01221e+06
4.01187e+06
4.01185e+06
4.0116e+06
4.0114e+06
4.01003e+06
4.00988e+06
4.00978e+06
4.00929e+06
4.00793e+06
4.00793e+06
4.00793e+06
4.00633e+06
4.00567e+06
4.00567e+06
4.00535e+06
4.00445e+06
4.00445e+06
4.00392e+06
4.00365e+06
4.00365e+06
4.00308e+06
4.00221e+06
4.00214e+06
4.00112e+06
4.00069e+06
4.00069e+06
4.00025e+06
3.99907e+06
3.99873e+06
3.99873e+06
3.99844e+06
3.9982e+06
3.99702e+06
3.99702e+06
3.99611e+06
3.99557e+06
3.99482e+06
3.99387e+06
3.99387e+06
3.99381e+06
3.99332e+06
3.9926e+06
3.99145e+06
3.99145e+06
3.98785e+06
3.98692e+06
3.98627e+06
3.9859e+06
3.98569e+06
3.98569e+06
3.98504e+06
3.9839e+06
3.9839e+06
3.98357e+06
3.98357e+06
3.98149e+06
3.98149e+06
3.98149e+06
3.98143e+06
3.98101e+06
3.9807e+06
3.98006e+06
3.97908e+06
3.97718e+06
3.97718e+06
3.97717e+06
3.97653e+06
3.97642e+06
3.97587e+06
3.97558e+06
3.97472e+06
3.9745e+06
3.97394e+06
3.97379e+06
3.97151e+06
3.97151e+06
3.97151e+06
3.97145e+06
3.97138e+06
3.97103e+06
3.97006e+06
3.96836e+06
3.96719e+06
3.96599e+06
3.96599e+06
3.96599e+06
3.9659e+06
3.9649e+06
3.9649e+06
3.96416e+06
3.96396e+06
3.96382e+06
3.96301e+06
3.96271e+06
3.96194e+06
3.96047e+06
3.9604e+06
3.9596e+06
3.95863e+06
3.95863e+06
3.95778e+06
3.95736e+06
3.95723e+06
3.95715e+06
3.95495e+06
3.95495e+06
3.95495e+06
3.95485e+06
3.95401e+06
3.95377e+06
3.95267e+06
3.95267e+06
3.95211e+06
3.94865e+06
3.94865e+06
3.94865e+06
3.94848e+06
3.94819e+06
3.94751e+06
3.94751e+06
3.94561e+06
3.94561e+06
3.94557e+06
3.94535e+06
3.94422e+06
3.9435e+06
3.94266e+06
3.94266e+06
3.94207e+06
3.94207e+06
3.94141e+06
3.94026e+06
3.94026e+06
3.94007e+06
3.93875e+06
3.93818e+06
3.93736e+06
3.93736e+06
3.93736e+06
3.93724e+06
3.93611e+06
3.93611e+06
3.93601e+06
3.9345e+06
3.9345e+06
3.93446e+06
3.93426e+06
3.93348e+06
3.93259e+06
3.93233e+06
3.93182e+06
3.93129e+06
3.93094e+06
3.93058e+06
3.92947e+06
3.92947e+06
3.9289e+06
3.92887e+06
3.92831e+06
3.92817e+06
3.92695e+06
3.92356e+06
3.92305e+06
3.92305e+06
3.92305e+06
3.92293e+06
3.9227e+06
3.92004e+06
3.91982e+06
3.91982e+06
3.91982e+06
3.91934e+06
3.9181e+06
3.91773e+06
3.91773e+06
3.91739e+06
3.91666e+06
3.91603e+06
3.91578e+06
3.9125e+06
3.9125e+06
3.9125e+06
3.91186e+06
3.91183e+06
3.91162e+06
3.91067e+06
3.91039e+06
3.91019e+06
3.90961e+06
3.90848e+06
3.90754e+06
3.90685e+06
3.90662e+06
3.90662e+06
3.90506e+06
3.90448e+06
3.90448e+06
3.90448e+06
3.903e+06
3.903e+06
3.90267e+06
3.90203e+06
3.90203e+06
3.90164e+06
3.90141e+06
3.90131e+06
3.90066e+06
3.89988e+06
3.89987e+06
3.89878e+06
3.89848e+06
3.89784e+06
3.89784e+06
3.89757e+06
3.89627e+06
3.89521e+06
3.89502e+06
3.89462e+06
3.894e+06
3.894e+06
3.89277e+06
3.89263e+06
3.89258e+06
3.89245e+06
3.89103e+06
3.89027e+06
3.89027e+06
3.89027e+06
3.89017e+06
3.88959e+06
3.88909e+06
3.88846e+06
3.88821e+06
3.88771e+06
3.88766e+06
3.88726e+06
3.88639e+06
3.88544e+06
3.88531e+06
3.88465e+06
3.88378e+06
3.88378e+06
3.88344e+06
3.88273e+06
3.88266e+06
3.87952e+06
3.87952e+06
3.87942e+06
3.87752e+06
3.87752e+06
3.8768e+06
3.87618e+06
3.87618e+06
3.87581e+06
3.87545e+06
3.87433e+06
3.87415e+06
3.87415e+06
3.87365e+06
3.87364e+06
3.87223e+06
3.87223e+06
3.87172e+06
3.87172e+06
3.87133e+06
3.87016e+06
3.87016e+06
3.8699e+06
3.86924e+06
3.8675e+06
3.8675e+06
3.8675e+06
3.86702e+06
3.86689e+06
3.8665e+06
3.86576e+06
3.86571e+06
3.8653e+06
3.86397e+06
3.86362e+06
3.8636e+06
3.86273e+06
3.86205e+06
3.86205e+06
3.86067e+06
3.86067e+06
3.86067e+06
3.86034e+06
3.85941e+06
3.85941e+06
3.8584e+06
3.85806e+06
3.85806e+06
3.85758e+06
3.85758e+06
3.85686e+06
3.85563e+06
3.8553e+06
3.85424e+06
3.85424e+06
3.85402e+06
3.85402e+06
3.85334e+06
3.85226e+06
3.85172e+06
3.85148e+06
3.85148e+06
3.8512e+06
3.85083e+06
3.84985e+06
3.84939e+06
3.84781e+06
3.84781e+06
3.84739e+06
3.84734e+06
3.84536e+06
3.84535e+06
3.84516e+06
3.84496e+06
3.84408e+06
3.84386e+06
3.84365e+06
3.84311e+06
3.84298e+06
3.84254e+06
3.84195e+06
3.84104e+06
3.84104e+06
3.84104e+06
3.84035e+06
3.83907e+06
3.839e+06
3.83682e+06
3.83682e+06
3.83682e+06
3.83565e+06
3.83556e+06
3.83478e+06
3.83478e+06
3.83464e+06
3.83378e+06
3.8335e+06
3.83287e+06
3.83287e+06
3.83277e+06
3.83202e+06
3.83174e+06
3.83131e+06
3.83064e+06
3.82969e+06
3.82946e+06
3.82836e+06
3.82822e+06
3.82773e+06
3.82766e+06
3.82751e+06
3.82661e+06
3.82572e+06
3.82537e+06
3.82436e+06
3.82436e+06
3.82421e+06
3.82381e+06
3.82232e+06
3.82232e+06
3.82227e+06
3.82018e+06
3.81987e+06
3.81987e+06
3.81959e+06
3.81932e+06
3.81865e+06
3.81865e+06
3.81703e+06
3.81703e+06
3.81678e+06
3.81617e+06
3.81589e+06
3.81582e+06
3.81544e+06
3.81253e+06
3.81193e+06
3.81193e+06
3.81193e+06
3.81073e+06
3.81024e+06
3.81024e+06
3.81014e+06
3.80955e+06
3.80886e+06
3.80742e+06
3.80723e+06
3.80723e+06
3.80654e+06
3.80654e+06
3.80573e+06
3.80471e+06
3.80471e+06
3.80471e+06
3.80449e+06
3.80397e+06
3.80286e+06
3.80281e+06
3.80188e+06
3.80188e+06
3.80164e+06
3.80119e+06
3.80072e+06
3.80062e+06
3.79948e+06
3.79948e+06
3.7992e+06
3.79891e+06
3.7982e+06
3.79757e+06
3.79757e+06
3.79743e+06
3.79673e+06
3.79667e+06
3.79543e+06
3.79524e+06
3.79524e+06
3.79458e+06
3.7942e+06
3.79404e+06
3.79187e+06
3.79187e+06
3.79161e+06
3.78909e+06
3.78853e+06
3.78825e+06
3.78789e+06
3.78789e+06
3.78748e+06
3.78709e+06
3.78689e+06
3.7862e+06
3.78616e+06
3.7855e+06
3.78546e+06
3.78514e+06
3.78469e+06
3.78399e+06
3.78367e+06
3.78347e+06
3.78295e+06
3.7828e+06
3.78238e+06
3.78214e+06
3.78012e+06
3.78012e+06
3.78012e+06
3.77929e+06
3.77866e+06
3.77816e+06
3.77779e+06
3.7776e+06
3.77714e+06
3.77668e+06
3.77603e+06
3.77554e+06
3.77353e+06
3.77353e+06
3.77326e+06
3.77226e+06
3.77212e+06
3.77198e+06
3.77128e+06
3.77128e+06
3.77082e+06
3.76983e+06
3.76983e+06
3.76892e+06
3.76874e+06
3.76769e+06
3.76678e+06
3.76641e+06
3.76631e+06
3.76546e+06
3.76546e+06
3.76491e+06
3.76491e+06
3.76433e+06
3.76367e+06
3.76246e+06
3.76246e+06
3.76246e+06
3.76236e+06
3.76147e+06
3.76147e+06
3.76124e+06
3.75917e+06
3.75917e+06
3.75917e+06
3.7583e+06
3.75796e+06
3.75779e+06
3.75729e+06
3.75729e+06
3.75691e+06
3.7554e+06
3.7554e+06
3.7554e+06
3.75523e+06
3.75339e+06
3.75286e+06
3.75251e+06
3.75197e+06
3.75179e+06
3.75179e+06
3.75032e+06
3.75019e+06
3.75019e+06
3.74989e+06
3.74902e+06
3.74902e+06
3.74902e+06
3.74856e+06
3.74733e+06
3.74731e+06
3.74687e+06
3.7464e+06
3.74638e+06
3.74566e+06
3.74565e+06
3.74346e+06
3.74346e+06
3.74346e+06
3.74332e+06
3.74323e+06
3.7422e+06
3.74108e+06
3.74105e+06
3.74105e+06
3.74024e+06
3.7402e+06
3.73995e+06
3.73971e+06
3.73878e+06
3.73855e+06
3.73754e+06
3.73736e+06
3.73692e+06
3.73615e+06
3.73554e+06
3.73554e+06
3.73535e+06
3.73473e+06
3.73394e+06
3.73319e+06
3.73319e+06
3.73313e+06
3.73255e+06
3.7321e+06
3.72958e+06
3.72892e+06
3.72805e+06
3.72805e+06
3.72805e+06
3.72737e+06
3.72737e+06
3.72727e+06
3.72673e+06
3.72643e+06
3.72577e+06
3.72573e+06
3.72371e+06
3.72371e+06
3.72334e+06
3.72207e+06
3.72185e+06
3.72185e+06
3.7206e+06
3.72043e+06
3.72043e+06
3.71958e+06
3.71958e+06
3.71958e+06
3.71815e+06
3.71803e+06
3.71644e+06
3.71581e+06
3.71581e+06
3.71581e+06
3.71534e+06
3.71495e+06
3.71439e+06
3.71433e+06
3.71412e+06
3.71306e+06
3.71271e+06
3.7112e+06
3.71116e+06
3.71107e+06
3.71098e+06
3.71031e+06
3.70835e+06
3.70835e+06
3.70835e+06
3.70819e+06
3.70815e+06
3.7072e+06
3.7072e+06
3.70698e+06
3.70627e+06
3.70617e+06
3.70556e+06
3.70465e+06
3.70465e+06
3.70419e+06
3.70362e+06
3.70304e+06
3.70304e+06
3.7027e+06
3.70227e+06
3.70126e+06
3.70126e+06
3.70077e+06
3.7006e+06
3.69935e+06
3.69889e+06
3.69889e+06
3.69818e+06
3.69812e+06
3.69764e+06
3.69764e+06
3.69648e+06
3.69648e+06
3.69616e+06
3.69567e+06
3.69527e+06
3.69464e+06
3.69359e+06
3.69319e+06
3.69319e+06
3.69267e+06
3.69198e+06
3.69198e+06
3.69121e+06
3.69063e+06
3.69061e+06
3.69029e+06
3.68947e+06
3.68907e+06
3.68907e+06
3.68844e+06
3.68844e+06
3.68395e+06
3.6834e+06
3.6834e+06
3.6834e+06
3.68335e+06
3.68261e+06
3.68196e+06
3.68191e+06
3.68174e+06
3.68128e+06
3.6808e+06
3.67973e+06
3.67961e+06
3.67929e+06
3.67891e+06
3.67891e+06
3.67855e+06
3.67645e+06
3.67645e+06
3.67645e+06
3.67607e+06
3.67556e+06
3.67556e+06
3.67489e+06
3.67449e+06
3.67449e+06
3.67267e+06
3.67267e+06
3.67236e+06
3.67236e+06
3.67217e+06
3.6714e+06
3.67113e+06
3.67099e+06
3.67012e+06
3.67012e+06
3.66992e+06
3.66904e+06
3.66904e+06
3.66893e+06
3.66773e+06
3.66753e+06
3.66716e+06
3.66605e+06
3.66605e+06
3.66587e+06
3.66525e+06
3.66519e+06
3.66477e+06
3.66378e+06
3.66141e+06
3.66141e+06
3.66115e+06
3.66115e+06
3.66112e+06
3.66035e+06
3.66035e+06
3.66022e+06
3.65959e+06
3.65932e+06
3.6593e+06
3.65628e+06
3.65628e+06
3.65519e+06
3.65519e+06
3.65469e+06
3.65448e+06
3.65442e+06
3.65391e+06
3.65365e+06
3.65344e+06
3.65321e+06
3.65321e+06
3.65257e+06
3.65257e+06
3.65172e+06
3.65106e+06
3.65084e+06
3.65081e+06
3.65011e+06
3.64999e+06
3.64884e+06
3.64853e+06
3.64853e+06
3.64783e+06
3.64778e+06
3.64664e+06
3.64488e+06
3.64488e+06
3.64464e+06
3.64434e+06
3.64365e+06
3.64365e+06
3.64218e+06
3.64218e+06
3.64218e+06
3.64033e+06
3.64003e+06
3.63996e+06
3.63983e+06
3.63885e+06
3.63885e+06
3.63835e+06
3.63835e+06
3.63784e+06
3.63776e+06
3.63691e+06
3.63645e+06
3.63615e+06
3.63587e+06
3.63457e+06
3.63457e+06
3.63457e+06
3.63399e+06
3.63282e+06
3.63282e+06
3.6328e+06
3.63274e+06
3.63193e+06
3.63193e+06
3.63171e+06
3.6312e+06
3.63101e+06
3.63028e+06
3.63007e+06
3.62964e+06
3.62954e+06
3.62938e+06
3.62864e+06
3.62793e+06
3.62738e+06
3.62738e+06
3.62546e+06
3.62546e+06
3.62538e+06
3.62538e+06
3.62517e+06
3.62416e+06
3.62416e+06
3.62346e+06
3.62335e+06
3.62274e+06
3.62274e+06
3.62224e+06
3.62224e+06
3.62145e+06
3.62141e+06
3.62018e+06
3.62018e+06
3.61922e+06
3.61876e+06
3.61876e+06
3.6182e+06
3.61754e+06
3.61746e+06
3.6163e+06
3.6159e+06
3.61517e+06
3.61482e+06
3.61473e+06
3.61449e+06
3.61394e+06
3.61394e+06
3.61296e+06
3.61222e+06
3.61222e+06
3.61196e+06
3.61184e+06
3.6114e+06
3.61111e+06
3.61099e+06
3.61044e+06
3.61033e+06
3.60949e+06
3.60788e+06
3.60788e+06
3.60786e+06
3.60783e+06
3.60708e+06
3.60708e+06
3.60686e+06
3.60636e+06
3.60597e+06
3.60452e+06
3.60355e+06
3.60355e+06
3.60355e+06
3.60314e+06
3.60259e+06
3.60237e+06
3.60213e+06
3.60162e+06
3.60069e+06
3.60051e+06
3.60027e+06
3.59987e+06
3.59867e+06
3.59849e+06
3.59838e+06
3.59807e+06
3.59807e+06
3.59789e+06
3.59631e+06
3.59623e+06
3.59596e+06
3.59512e+06
3.59472e+06
3.59472e+06
3.59467e+06
3.59381e+06
3.59328e+06
3.59328e+06
3.59314e+06
3.59278e+06
3.5926e+06
3.59191e+06
3.59191e+06
3.59146e+06
3.58999e+06
3.58909e+06
3.58859e+06
3.58854e+06
3.58758e+06
3.58753e+06
3.58734e+06
3.58734e+06
3.58712e+06
3.58676e+06
3.58584e+06
3.58584e+06
3.58517e+06
3.58495e+06
3.58491e+06
3.58456e+06
3.58336e+06
3.58336e+06
3.58275e+06
3.58275e+06
3.58262e+06
3.58204e+06
3.58196e+06
3.58128e+06
3.58056e+06
3.58021e+06
3.57987e+06
3.57943e+06
3.5783e+06
3.5783e+06
3.5783e+06
3.57718e+06
3.57718e+06
3.57718e+06
3.576e+06
3.576e+06
3.57555e+06
3.57548e+06
3.57532e+06
3.57518e+06
3.57407e+06
3.57407e+06
3.57391e+06
3.57335e+06
3.57335e+06
3.57321e+06
3.57294e+06
3.57236e+06
3.57214e+06
3.57069e+06
3.57069e+06
3.57069e+06
3.57056e+06
3.56841e+06
3.56841e+06
3.56841e+06
3.5684e+06
3.56802e+06
3.56797e+06
3.56797e+06
3.56732e+06
3.56712e+06
3.56689e+06
3.56614e+06
3.56596e+06
3.5654e+06
3.5653e+06
3.56461e+06
3.5646e+06
3.56301e+06
3.56301e+06
3.56223e+06
3.56223e+06
3.56073e+06
3.56073e+06
3.56072e+06
3.55946e+06
3.55934e+06
3.55907e+06
3.55907e+06
3.55907e+06
3.55905e+06
3.55848e+06
3.55749e+06
3.55663e+06
3.55663e+06
3.55587e+06
3.55544e+06
3.55522e+06
3.55504e+06
3.55504e+06
3.55429e+06
3.55242e+06
3.55238e+06
3.55226e+06
3.55222e+06
3.55222e+06
3.55173e+06
3.55135e+06
3.55112e+06
3.5508e+06
3.5505e+06
3.55027e+06
3.54963e+06
3.54924e+06
3.54792e+06
3.54792e+06
3.54757e+06
3.54757e+06
3.54713e+06
3.54713e+06
3.54688e+06
3.546e+06
3.54551e+06
3.54476e+06
3.54476e+06
3.54476e+06
3.54421e+06
3.54326e+06
3.54275e+06
3.54207e+06
3.54207e+06
3.54156e+06
3.54119e+06
3.54113e+06
3.54074e+06
3.54074e+06
3.54032e+06
3.5399e+06
3.5395e+06
3.53911e+06
3.53906e+06
3.53882e+06
3.53815e+06
3.53813e+06
3.53783e+06
3.53768e+06
3.53666e+06
3.53652e+06
3.53624e+06
3.5361e+06
3.53556e+06
3.53533e+06
3.53484e+06
3.53477e+06
3.53414e+06
3.53414e+06
3.5332e+06
3.53305e+06
3.5327e+06
3.53253e+06
3.53157e+06
3.53157e+06
3.53157e+06
3.53104e+06
3.53079e+06
3.53032e+06
3.53019e+06
3.53019e+06
3.52981e+06
3.52954e+06
3.52904e+06
3.52846e+06
3.52825e+06
3.52675e+06
3.52675e+06
3.52675e+06
3.52658e+06
3.52496e+06
3.52496e+06
3.52449e+06
3.52449e+06
3.52384e+06
3.5236e+06
3.52338e+06
3.52336e+06
3.52242e+06
3.52242e+06
3.52071e+06
3.52071e+06
3.52052e+06
3.52052e+06
3.52052e+06
3.51965e+06
3.51949e+06
3.51912e+06
3.51846e+06
3.51846e+06
3.51811e+06
3.51772e+06
3.51683e+06
3.51648e+06
3.51629e+06
3.51629e+06
3.51482e+06
3.51475e+06
3.51459e+06
3.51395e+06
3.51349e+06
3.51298e+06
3.51237e+06
3.51237e+06
3.51199e+06
3.51199e+06
3.51197e+06
3.51138e+06
3.51048e+06
3.51034e+06
3.50967e+06
3.50958e+06
3.50911e+06
3.50878e+06
3.50862e+06
3.50808e+06
3.50645e+06
3.50569e+06
3.50569e+06
3.50569e+06
3.50438e+06
3.50438e+06
3.50438e+06
3.50392e+06
3.50392e+06
3.50353e+06
3.50285e+06
3.50285e+06
3.50244e+06
3.50244e+06
3.50168e+06
3.50118e+06
3.50118e+06
3.49988e+06
3.49959e+06
3.49959e+06
3.49944e+06
3.4987e+06
3.49782e+06
3.49782e+06
3.4975e+06
3.49679e+06
3.49679e+06
3.49679e+06
3.49643e+06
3.49565e+06
3.49488e+06
3.49473e+06
3.49464e+06
3.49399e+06
3.49395e+06
3.49329e+06
3.49309e+06
3.49288e+06
3.49221e+06
3.49186e+06
3.49117e+06
3.49071e+06
3.49071e+06
3.49071e+06
3.49044e+06
3.48849e+06
3.48849e+06
3.48831e+06
3.48828e+06
3.48828e+06
3.48708e+06
3.48708e+06
3.48694e+06
3.48564e+06
3.48394e+06
3.48394e+06
3.48394e+06
3.48345e+06
3.48317e+06
3.48289e+06
3.4822e+06
3.48141e+06
3.48141e+06
3.48084e+06
3.48084e+06
3.48008e+06
3.48008e+06
3.48007e+06
3.47908e+06
3.47908e+06
3.47886e+06
3.47852e+06
3.47793e+06
3.47758e+06
3.47744e+06
3.47715e+06
3.47702e+06
3.4767e+06
3.47586e+06
3.47572e+06
3.47479e+06
3.47336e+06
3.4727e+06
3.4727e+06
3.4727e+06
3.4727e+06
3.47257e+06
3.4718e+06
3.47159e+06
3.46994e+06
3.46944e+06
3.4686e+06
3.4686e+06
3.46819e+06
3.46807e+06
3.46807e+06
3.46776e+06
3.46672e+06
3.46672e+06
3.46661e+06
3.46643e+06
3.46574e+06
3.46521e+06
3.46492e+06
3.46462e+06
3.4637e+06
3.46121e+06
3.46104e+06
3.46104e+06
3.46102e+06
3.46086e+06
3.46072e+06
3.46016e+06
3.45924e+06
3.45924e+06
3.45904e+06
3.45904e+06
3.45786e+06
3.45786e+06
3.45753e+06
3.45634e+06
3.45605e+06
3.45602e+06
3.45549e+06
3.45524e+06
3.4546e+06
3.4532e+06
3.4532e+06
3.4532e+06
3.45269e+06
3.45228e+06
3.45208e+06
3.45183e+06
3.45125e+06
3.45119e+06
3.4495e+06
3.44946e+06
3.44946e+06
3.44877e+06
3.44855e+06
3.44799e+06
3.44757e+06
3.44696e+06
3.44696e+06
3.44509e+06
3.44509e+06
3.44474e+06
3.44387e+06
3.44387e+06
3.44385e+06
3.44329e+06
3.44329e+06
3.44301e+06
3.44257e+06
3.44182e+06
3.44124e+06
3.44124e+06
3.44077e+06
3.44032e+06
3.44026e+06
3.44024e+06
3.44006e+06
3.43913e+06
3.43913e+06
3.4386e+06
3.43741e+06
3.43741e+06
3.43741e+06
3.43649e+06
3.43616e+06
3.43602e+06
3.43454e+06
3.43454e+06
3.43454e+06
3.43362e+06
3.43362e+06
3.43315e+06
3.43122e+06
3.43122e+06
3.43122e+06
3.43088e+06
3.43084e+06
3.43084e+06
3.43015e+06
3.42958e+06
3.42912e+06
3.42866e+06
3.42866e+06
3.42825e+06
3.42711e+06
3.42711e+06
3.42711e+06
3.42541e+06
3.42524e+06
3.42487e+06
3.42484e+06
3.4246e+06
3.42417e+06
3.42272e+06
3.42272e+06
3.42264e+06
3.42212e+06
3.42212e+06
3.42208e+06
3.4209e+06
3.4209e+06
3.42054e+06
3.4183e+06
3.4183e+06
3.4183e+06
3.41814e+06
3.41796e+06
3.41782e+06
3.41648e+06
3.41636e+06
3.41627e+06
3.41611e+06
3.41503e+06
3.41497e+06
3.41429e+06
3.41429e+06
3.41429e+06
3.41351e+06
3.41341e+06
3.41294e+06
3.41169e+06
3.41169e+06
3.41169e+06
3.41116e+06
3.41108e+06
3.4102e+06
3.40899e+06
3.40899e+06
3.40899e+06
3.40747e+06
3.40683e+06
3.40638e+06
3.40638e+06
3.40624e+06
3.40613e+06
3.40557e+06
3.40541e+06
3.40487e+06
3.404e+06
3.4039e+06
3.40379e+06
3.40379e+06
3.40315e+06
3.40315e+06
3.40252e+06
3.40216e+06
3.40216e+06
3.40025e+06
3.40004e+06
3.40004e+06
3.39929e+06
3.39929e+06
3.39928e+06
3.39815e+06
3.39793e+06
3.39792e+06
3.39732e+06
3.39673e+06
3.39658e+06
3.3958e+06
3.3958e+06
3.3957e+06
3.39454e+06
3.39454e+06
3.39441e+06
3.3933e+06
3.3933e+06
3.39267e+06
3.392e+06
3.39182e+06
3.39177e+06
3.38818e+06
3.38818e+06
3.38818e+06
3.38812e+06
3.38748e+06
3.38721e+06
3.38697e+06
3.38685e+06
3.38636e+06
3.38529e+06
3.38529e+06
3.38529e+06
3.38463e+06
3.38463e+06
3.38398e+06
3.38381e+06
3.38371e+06
3.38293e+06
3.38236e+06
3.38193e+06
3.3819e+06
3.38164e+06
3.38121e+06
3.38064e+06
3.37996e+06
3.37963e+06
3.37963e+06
3.37944e+06
3.37915e+06
3.37895e+06
3.3784e+06
3.3782e+06
3.3776e+06
3.37737e+06
3.37737e+06
3.37667e+06
3.37608e+06
3.37578e+06
3.37542e+06
3.37432e+06
3.37432e+06
3.37416e+06
3.37375e+06
3.37372e+06
3.37359e+06
3.37306e+06
3.37306e+06
3.37263e+06
3.37183e+06
3.37183e+06
3.37154e+06
3.37126e+06
3.37089e+06
3.3704e+06
3.37032e+06
3.37022e+06
3.36939e+06
3.36919e+06
3.36915e+06
3.3686e+06
3.36839e+06
3.36838e+06
3.36751e+06
3.36723e+06
3.36662e+06
3.36661e+06
3.36578e+06
3.36578e+06
3.36495e+06
3.36414e+06
3.3629e+06
3.36283e+06
3.36283e+06
3.36274e+06
3.36274e+06
3.36247e+06
3.36167e+06
3.36153e+06
3.36116e+06
3.36099e+06
3.36095e+06
3.36026e+06
3.3599e+06
3.35896e+06
3.35896e+06
3.3589e+06
3.3586e+06
3.35752e+06
3.35697e+06
3.35697e+06
3.35572e+06
3.35539e+06
3.35539e+06
3.35539e+06
3.35478e+06
3.35478e+06
3.35444e+06
3.35413e+06
3.35375e+06
3.353e+06
3.35293e+06
3.3524e+06
3.35228e+06
3.3511e+06
3.3511e+06
3.35097e+06
3.35012e+06
3.34991e+06
3.34948e+06
3.34888e+06
3.34888e+06
3.34832e+06
3.34832e+06
3.34781e+06
3.34751e+06
3.3475e+06
3.347e+06
3.34655e+06
3.34618e+06
3.3459e+06
3.34564e+06
3.34491e+06
3.34491e+06
3.34443e+06
3.34419e+06
3.34379e+06
3.34254e+06
3.34254e+06
3.34254e+06
3.34205e+06
3.34205e+06
3.34178e+06
3.34128e+06
3.34128e+06
3.34083e+06
3.34013e+06
3.33993e+06
3.33993e+06
3.33923e+06
3.33872e+06
3.33872e+06
3.33785e+06
3.33752e+06
3.33737e+06
3.33702e+06
3.33673e+06
3.33668e+06
3.33606e+06
3.33585e+06
3.33537e+06
3.33444e+06
3.33444e+06
3.33444e+06
3.33353e+06
3.33325e+06
3.33315e+06
3.33309e+06
3.33276e+06
3.33246e+06
3.33079e+06
3.33079e+06
3.3306e+06
3.3306e+06
3.33026e+06
3.33022e+06
3.32975e+06
3.32949e+06
3.32907e+06
3.32833e+06
3.32827e+06
3.32805e+06
3.32735e+06
3.32735e+06
3.32735e+06
3.32664e+06
3.32664e+06
3.32639e+06
3.3255e+06
3.32501e+06
3.32488e+06
3.32488e+06
3.3236e+06
3.3236e+06
3.32282e+06
3.32282e+06
3.32282e+06
3.32209e+06
3.32209e+06
3.32199e+06
3.32098e+06
3.32098e+06
3.32096e+06
3.32014e+06
3.32014e+06
3.31964e+06
3.31891e+06
3.31891e+06
3.31785e+06
3.31785e+06
3.31754e+06
3.31735e+06
3.31735e+06
3.3165e+06
3.31634e+06
3.31589e+06
3.31589e+06
3.31526e+06
3.31526e+06
3.31518e+06
3.31518e+06
3.31353e+06
3.3134e+06
3.3134e+06
3.31302e+06
3.31302e+06
3.31254e+06
3.3116e+06
3.3116e+06
3.31133e+06
3.31133e+06
3.31051e+06
3.31051e+06
3.30939e+06
3.30845e+06
3.30773e+06
3.30773e+06
3.3069e+06
3.3069e+06
3.30666e+06
3.30628e+06
3.30628e+06
3.3061e+06
3.30572e+06
3.30509e+06
3.30509e+06
3.30476e+06
3.30465e+06
3.30462e+06
3.30374e+06
3.30374e+06
3.3029e+06
3.3029e+06
3.30247e+06
3.30247e+06
3.30144e+06
3.30104e+06
3.30075e+06
3.30075e+06
3.30051e+06
3.29943e+06
3.29943e+06
3.29943e+06
3.29911e+06
3.29893e+06
3.29891e+06
3.29773e+06
3.29773e+06
3.29666e+06
3.29666e+06
3.29572e+06
3.29572e+06
3.29572e+06
3.29572e+06
3.2951e+06
3.2951e+06
3.29427e+06
3.29427e+06
3.29416e+06
3.29395e+06
3.29353e+06
3.29228e+06
3.29209e+06
3.29209e+06
3.29209e+06
3.29115e+06
3.29115e+06
3.29006e+06
3.29006e+06
3.28965e+06
3.2891e+06
3.2891e+06
3.28854e+06
3.28854e+06
3.28854e+06
3.28816e+06
3.28688e+06
3.28688e+06
3.28688e+06
3.28606e+06
3.28555e+06
3.28555e+06
3.28498e+06
3.28477e+06
3.28447e+06
3.28435e+06
3.28408e+06
3.28398e+06
3.28321e+06
3.28321e+06
3.28295e+06
3.2827e+06
3.28244e+06
3.28161e+06
3.28111e+06
3.28099e+06
3.28094e+06
3.2805e+06
3.28031e+06
3.28031e+06
3.27855e+06
3.27855e+06
3.27855e+06
3.27855e+06
3.27811e+06
3.27766e+06
3.27766e+06
3.27717e+06
3.27709e+06
3.27646e+06
3.27609e+06
3.2759e+06
3.27588e+06
3.27548e+06
3.27513e+06
3.27322e+06
3.27322e+06
3.27276e+06
3.27276e+06
3.27255e+06
3.27238e+06
3.27214e+06
3.27213e+06
3.27171e+06
3.27102e+06
3.27094e+06
3.27085e+06
3.27047e+06
3.26988e+06
3.2698e+06
3.26832e+06
3.26832e+06
3.26793e+06
3.26779e+06
3.26681e+06
3.26681e+06
3.26654e+06
3.26653e+06
3.26635e+06
3.26538e+06
3.26538e+06
3.26531e+06
3.26453e+06
3.2645e+06
3.26437e+06
3.26314e+06
3.26282e+06
3.26282e+06
3.26262e+06
3.26255e+06
3.26186e+06
3.25974e+06
3.25974e+06
3.25974e+06
3.25965e+06
3.25943e+06
3.25871e+06
3.25797e+06
3.25797e+06
3.25797e+06
3.25767e+06
3.25704e+06
3.25663e+06
3.25625e+06
3.25625e+06
3.25613e+06
3.25543e+06
3.25495e+06
3.25495e+06
3.25456e+06
3.25418e+06
3.25395e+06
3.25363e+06
3.25351e+06
3.2525e+06
3.2525e+06
3.25231e+06
3.25167e+06
3.25167e+06
3.25167e+06
3.25126e+06
3.25106e+06
3.25073e+06
3.25031e+06
3.25019e+06
3.24939e+06
3.24913e+06
3.24859e+06
3.24859e+06
3.24846e+06
3.24759e+06
3.24758e+06
3.24728e+06
3.24678e+06
3.24678e+06
3.24658e+06
3.24655e+06
3.2455e+06
3.2455e+06
3.24461e+06
3.24461e+06
3.24394e+06
3.24394e+06
3.24285e+06
3.24285e+06
3.24285e+06
3.24221e+06
3.24213e+06
3.24195e+06
3.24086e+06
3.24086e+06
3.24083e+06
3.2406e+06
3.24016e+06
3.23982e+06
3.23948e+06
3.23948e+06
3.2392e+06
3.23796e+06
3.23796e+06
3.23796e+06
3.23791e+06
3.23728e+06
3.23628e+06
3.23559e+06
3.23554e+06
3.23554e+06
3.23513e+06
3.23513e+06
3.23513e+06
3.23432e+06
3.23432e+06
3.23384e+06
3.23374e+06
3.2337e+06
3.2337e+06
3.23261e+06
3.23221e+06
3.23221e+06
3.23153e+06
3.23138e+06
3.23138e+06
3.23138e+06
3.23052e+06
3.2303e+06
3.22923e+06
3.22923e+06
3.22923e+06
3.22909e+06
3.2289e+06
3.22836e+06
3.22836e+06
3.22822e+06
3.22691e+06
3.22672e+06
3.22672e+06
3.22647e+06
3.22607e+06
3.22607e+06
3.22595e+06
3.22556e+06
3.22534e+06
3.2239e+06
3.2239e+06
3.2239e+06
3.22247e+06
3.22247e+06
3.22247e+06
3.22247e+06
3.22143e+06
3.22143e+06
3.22123e+06
3.22119e+06
3.22065e+06
3.21992e+06
3.21992e+06
3.2189e+06
3.2189e+06
3.21879e+06
3.21873e+06
3.21814e+06
3.21809e+06
3.21794e+06
3.21734e+06
3.21633e+06
3.21633e+06
3.21604e+06
3.21604e+06
3.21591e+06
3.21591e+06
3.21579e+06
3.21515e+06
3.21462e+06
3.21435e+06
3.21405e+06
3.21389e+06
3.21366e+06
3.21307e+06
3.21268e+06
3.21259e+06
3.21255e+06
3.21077e+06
3.21077e+06
3.21077e+06
3.21012e+06
3.21012e+06
3.20983e+06
3.20983e+06
3.20936e+06
3.20907e+06
3.20788e+06
3.20788e+06
3.20788e+06
3.20744e+06
3.20744e+06
3.20717e+06
3.20657e+06
3.20649e+06
3.20633e+06
3.20491e+06
3.20473e+06
3.20434e+06
3.20402e+06
3.20389e+06
3.20346e+06
3.20308e+06
3.20308e+06
3.2026e+06
3.20213e+06
3.20197e+06
3.20126e+06
3.20126e+06
3.20086e+06
3.20086e+06
3.19965e+06
3.19965e+06
3.1994e+06
3.19904e+06
3.19897e+06
3.19891e+06
3.19859e+06
3.19782e+06
3.19774e+06
3.19646e+06
3.19583e+06
3.19583e+06
3.19583e+06
3.19583e+06
3.19574e+06
3.19525e+06
3.19433e+06
3.19384e+06
3.19384e+06
3.19336e+06
3.19336e+06
3.19258e+06
3.19258e+06
3.19258e+06
3.19247e+06
3.19195e+06
3.19138e+06
3.19138e+06
3.19071e+06
3.19069e+06
3.19065e+06
3.19064e+06
3.19028e+06
3.18952e+06
3.18897e+06
3.18897e+06
3.18822e+06
3.18822e+06
3.18822e+06
3.1878e+06
3.1871e+06
3.1871e+06
3.18657e+06
3.18604e+06
3.18604e+06
3.18583e+06
3.18583e+06
3.18563e+06
3.18501e+06
3.18497e+06
3.18451e+06
3.18439e+06
3.18429e+06
3.18375e+06
3.18338e+06
3.18302e+06
3.18302e+06
3.18222e+06
3.1815e+06
3.1815e+06
3.18067e+06
3.18014e+06
3.18014e+06
3.17997e+06
3.17953e+06
3.17912e+06
3.1789e+06
3.17871e+06
3.17871e+06
3.17845e+06
3.17744e+06
3.17727e+06
3.17727e+06
3.17672e+06
3.17662e+06
3.17645e+06
3.17594e+06
3.17594e+06
3.17554e+06
3.17493e+06
3.17458e+06
3.17391e+06
3.17366e+06
3.17366e+06
3.17238e+06
3.17238e+06
3.17229e+06
3.17192e+06
3.17192e+06
3.17189e+06
3.17093e+06
3.17093e+06
3.17093e+06
3.16981e+06
3.16981e+06
3.16949e+06
3.16923e+06
3.16858e+06
3.16858e+06
3.16858e+06
3.1684e+06
3.1684e+06
3.16795e+06
3.16724e+06
3.16724e+06
3.16707e+06
3.16678e+06
3.16655e+06
3.1661e+06
3.16556e+06
3.16517e+06
3.16507e+06
3.16492e+06
3.16419e+06
3.16407e+06
3.16407e+06
3.16369e+06
3.16301e+06
3.16281e+06
3.16276e+06
3.16202e+06
3.16135e+06
3.16135e+06
3.16075e+06
3.16027e+06
3.16027e+06
3.15995e+06
3.15918e+06
3.15912e+06
3.15899e+06
3.15877e+06
3.15877e+06
3.1573e+06
3.1573e+06
3.15729e+06
3.1567e+06
3.15663e+06
3.15634e+06
3.15615e+06
3.15568e+06
3.15568e+06
3.15505e+06
3.15503e+06
3.15411e+06
3.15397e+06
3.15385e+06
3.15385e+06
3.15202e+06
3.15202e+06
3.15202e+06
3.15125e+06
3.15125e+06
3.15125e+06
3.1506e+06
3.1506e+06
3.14995e+06
3.14795e+06
3.14795e+06
3.14795e+06
3.14766e+06
3.14739e+06
3.14739e+06
3.14637e+06
3.1463e+06
3.1463e+06
3.1454e+06
3.14528e+06
3.14508e+06
3.14501e+06
3.14456e+06
3.14374e+06
3.14374e+06
3.14374e+06
3.14352e+06
3.14337e+06
3.14239e+06
3.14235e+06
3.14201e+06
3.14201e+06
3.14182e+06
3.14141e+06
3.14108e+06
3.14079e+06
3.13968e+06
3.13968e+06
3.13951e+06
3.13879e+06
3.13839e+06
3.13797e+06
3.13797e+06
3.13775e+06
3.13731e+06
3.13731e+06
3.13656e+06
3.13656e+06
3.13656e+06
3.13616e+06
3.13616e+06
3.13556e+06
3.13555e+06
3.13477e+06
3.13476e+06
3.13473e+06
3.13442e+06
3.13372e+06
3.13372e+06
3.13336e+06
3.13237e+06
3.13237e+06
3.13237e+06
3.13108e+06
3.13108e+06
3.13108e+06
3.13084e+06
3.13081e+06
3.13018e+06
3.1301e+06
3.12942e+06
3.12942e+06
3.12918e+06
3.12895e+06
3.12882e+06
3.12838e+06
3.12838e+06
3.12783e+06
3.12759e+06
3.12759e+06
3.12726e+06
3.12692e+06
3.1267e+06
3.12592e+06
3.12532e+06
3.12467e+06
3.12467e+06
3.12467e+06
3.12418e+06
3.12418e+06
3.12414e+06
3.12361e+06
3.1227e+06
3.1227e+06
3.1226e+06
3.12213e+06
3.12213e+06
3.12198e+06
3.12164e+06
3.12102e+06
3.12078e+06
3.12057e+06
3.12011e+06
3.12011e+06
3.1198e+06
3.11884e+06
3.11883e+06
3.11845e+06
3.11786e+06
3.11786e+06
3.11786e+06
3.11786e+06
3.11777e+06
3.11713e+06
3.11711e+06
3.11647e+06
3.11646e+06
3.11579e+06
3.11569e+06
3.11538e+06
3.11538e+06
3.11515e+06
3.11491e+06
3.1147e+06
3.11421e+06
3.11421e+06
3.11383e+06
3.11327e+06
3.11327e+06
3.11327e+06
3.11299e+06
3.11252e+06
3.11231e+06
3.11197e+06
3.11159e+06
3.11159e+06
3.11108e+06
3.11108e+06
3.11062e+06
3.1103e+06
3.10989e+06
3.10962e+06
3.10962e+06
3.10951e+06
3.10868e+06
3.10868e+06
3.10868e+06
3.10817e+06
3.10779e+06
3.10779e+06
3.10702e+06
3.10702e+06
3.107e+06
3.10663e+06
3.10663e+06
3.10611e+06
3.10539e+06
3.10539e+06
3.10505e+06
3.1037e+06
3.10363e+06
3.1036e+06
3.10305e+06
3.10305e+06
3.10275e+06
3.1023e+06
3.1023e+06
3.10169e+06
3.10169e+06
3.10169e+06
3.10163e+06
3.1011e+06
3.10049e+06
3.10049e+06
3.09991e+06
3.09974e+06
3.09974e+06
3.09937e+06
3.09867e+06
3.09867e+06
3.0983e+06
3.09827e+06
3.09802e+06
3.09707e+06
3.09705e+06
3.09674e+06
3.09613e+06
3.09606e+06
3.09606e+06
3.09567e+06
3.09567e+06
3.09548e+06
3.09468e+06
3.09468e+06
3.09411e+06
3.09394e+06
3.09384e+06
3.09336e+06
3.09255e+06
3.09255e+06
3.09255e+06
3.09192e+06
3.09177e+06
3.09155e+06
3.09115e+06
3.09115e+06
3.09108e+06
3.09078e+06
3.08934e+06
3.08934e+06
3.08929e+06
3.0889e+06
3.08851e+06
3.08851e+06
3.08811e+06
3.08794e+06
3.08742e+06
3.08742e+06
3.08703e+06
3.08661e+06
3.08613e+06
3.08613e+06
3.086e+06
3.08575e+06
3.08556e+06
3.0843e+06
3.0843e+06
3.08415e+06
3.08403e+06
3.08334e+06
3.08308e+06
3.08268e+06
3.08263e+06
3.08263e+06
3.0821e+06
3.0821e+06
3.08156e+06
3.08142e+06
3.0813e+06
3.08097e+06
3.08034e+06
3.07981e+06
3.07954e+06
3.07943e+06
3.0793e+06
3.0791e+06
3.07754e+06
3.07754e+06
3.07744e+06
3.07699e+06
3.07691e+06
3.07633e+06
3.07532e+06
3.07467e+06
3.07445e+06
3.07445e+06
3.07405e+06
3.07338e+06
3.07308e+06
3.07308e+06
3.07308e+06
3.07192e+06
3.07192e+06
3.07192e+06
3.07131e+06
3.07123e+06
3.07119e+06
3.07073e+06
3.07054e+06
3.07016e+06
3.0699e+06
3.06984e+06
3.06929e+06
3.06886e+06
3.06857e+06
3.06846e+06
3.0682e+06
3.06803e+06
3.06768e+06
3.06732e+06
3.06704e+06
3.06704e+06
3.06664e+06
3.06664e+06
3.06644e+06
3.06541e+06
3.06538e+06
3.06518e+06
3.06409e+06
3.06409e+06
3.06379e+06
3.06307e+06
3.06307e+06
3.06307e+06
3.06303e+06
3.0624e+06
3.0624e+06
3.06179e+06
3.06179e+06
3.06174e+06
3.06123e+06
3.06102e+06
3.06073e+06
3.05811e+06
3.058e+06
3.058e+06
3.05762e+06
3.05762e+06
3.05758e+06
3.05693e+06
3.05693e+06
3.05668e+06
3.05517e+06
3.05517e+06
3.05517e+06
3.05499e+06
3.05481e+06
3.05404e+06
3.05344e+06
3.05298e+06
3.05298e+06
3.05235e+06
3.05227e+06
3.05222e+06
3.05142e+06
3.05142e+06
3.05138e+06
3.05064e+06
3.05064e+06
3.0502e+06
3.04934e+06
3.04896e+06
3.04872e+06
3.04857e+06
3.04834e+06
3.04746e+06
3.04746e+06
3.04746e+06
3.04716e+06
3.04618e+06
3.04607e+06
3.04581e+06
3.04557e+06
3.04557e+06
3.04526e+06
3.04459e+06
3.04459e+06
3.0433e+06
3.0433e+06
3.0433e+06
3.04326e+06
3.04287e+06
3.04266e+06
3.04201e+06
3.04096e+06
3.04096e+06
3.04035e+06
3.04031e+06
3.04022e+06
3.0395e+06
3.0395e+06
3.03949e+06
3.03947e+06
3.03887e+06
3.03885e+06
3.03825e+06
3.038e+06
3.03785e+06
3.03752e+06
3.03727e+06
3.03717e+06
3.03611e+06
3.03579e+06
3.03576e+06
3.03576e+06
3.035e+06
3.035e+06
3.035e+06
3.03419e+06
3.0339e+06
3.03352e+06
3.03313e+06
3.03313e+06
3.0319e+06
3.03186e+06
3.03126e+06
3.0312e+06
3.03058e+06
3.0303e+06
3.02933e+06
3.02933e+06
3.0293e+06
3.02925e+06
3.02893e+06
3.02799e+06
3.02799e+06
3.02756e+06
3.02756e+06
3.02717e+06
3.02699e+06
3.02699e+06
3.02576e+06
3.02554e+06
3.02554e+06
3.02554e+06
3.02505e+06
3.02481e+06
3.02481e+06
3.02397e+06
3.02397e+06
3.02361e+06
3.02264e+06
3.02262e+06
3.02262e+06
3.02228e+06
3.02222e+06
3.02209e+06
3.02128e+06
3.02099e+06
3.02099e+06
3.02026e+06
3.02026e+06
3.02013e+06
3.01928e+06
3.01927e+06
3.01879e+06
3.0179e+06
3.0179e+06
3.0179e+06
3.01673e+06
3.01673e+06
3.01673e+06
3.01577e+06
3.01577e+06
3.01563e+06
3.01493e+06
3.01493e+06
3.01493e+06
3.01302e+06
3.01223e+06
3.01223e+06
3.01223e+06
3.01163e+06
3.01121e+06
3.01121e+06
3.00988e+06
3.00988e+06
3.00973e+06
3.00973e+06
3.00953e+06
3.00936e+06
3.00922e+06
3.00911e+06
3.00835e+06
3.00792e+06
3.00792e+06
3.00717e+06
3.00708e+06
3.00663e+06
3.00595e+06
3.00584e+06
3.00584e+06
3.00384e+06
3.00384e+06
3.00371e+06
3.00371e+06
3.00356e+06
3.00327e+06
3.00283e+06
3.00253e+06
3.00253e+06
3.00248e+06
3.00222e+06
3.00178e+06
3.00178e+06
3.00145e+06
3.00083e+06
3.00053e+06
3.00053e+06
3.00016e+06
3.00016e+06
2.99923e+06
2.99923e+06
2.9984e+06
2.99826e+06
2.99826e+06
2.99798e+06
2.99783e+06
2.99783e+06
2.99754e+06
2.9973e+06
2.9966e+06
2.99651e+06
2.99635e+06
2.99598e+06
2.9952e+06
2.9952e+06
2.9952e+06
2.99465e+06
2.99453e+06
2.99447e+06
2.99361e+06
2.99361e+06
2.99312e+06
2.99236e+06
2.99236e+06
2.99234e+06
2.99157e+06
2.99157e+06
2.99157e+06
2.99055e+06
2.99055e+06
2.99055e+06
2.99021e+06
2.9899e+06
2.9899e+06
2.98929e+06
2.98879e+06
2.98879e+06
2.98874e+06
2.98854e+06
2.98854e+06
2.98796e+06
2.98779e+06
2.98763e+06
2.98696e+06
2.98696e+06
2.98653e+06
2.98637e+06
2.98596e+06
2.98596e+06
2.98491e+06
2.98491e+06
2.98342e+06
2.98211e+06
2.98211e+06
2.98195e+06
2.98195e+06
2.98195e+06
2.98158e+06
2.98158e+06
2.98106e+06
2.98098e+06
2.98062e+06
2.98059e+06
2.98023e+06
2.98006e+06
2.97974e+06
2.97964e+06
2.97895e+06
2.97895e+06
2.97822e+06
2.97805e+06
2.97781e+06
2.97752e+06
2.97752e+06
2.97683e+06
2.97682e+06
2.97638e+06
2.97638e+06
2.97636e+06
2.97495e+06
2.97493e+06
2.97461e+06
2.97427e+06
2.97372e+06
2.97372e+06
2.97241e+06
2.97234e+06
2.97232e+06
2.97169e+06
2.97169e+06
2.97085e+06
2.97067e+06
2.97023e+06
2.97023e+06
2.96952e+06
2.96952e+06
2.96951e+06
2.96916e+06
2.96878e+06
2.96862e+06
2.96802e+06
2.96758e+06
2.96756e+06
2.9668e+06
2.96667e+06
2.96634e+06
2.9651e+06
2.9651e+06
2.9651e+06
2.9651e+06
2.96472e+06
2.96472e+06
2.96365e+06
2.96347e+06
2.96298e+06
2.96281e+06
2.96281e+06
2.96208e+06
2.96152e+06
2.9614e+06
2.9614e+06
2.96027e+06
2.96003e+06
2.96003e+06
2.95939e+06
2.95939e+06
2.95939e+06
2.95906e+06
2.95889e+06
2.95874e+06
2.95818e+06
2.95815e+06
2.95795e+06
2.95645e+06
2.95645e+06
2.95637e+06
2.95505e+06
2.95431e+06
2.95431e+06
2.9538e+06
2.95347e+06
2.95347e+06
2.95347e+06
2.95303e+06
2.95258e+06
2.95049e+06
2.95049e+06
2.95027e+06
2.94966e+06
2.94959e+06
2.94959e+06
2.94926e+06
2.94922e+06
2.94871e+06
2.94668e+06
2.94668e+06
2.94654e+06
2.94566e+06
2.94566e+06
2.9453e+06
2.94513e+06
2.94454e+06
2.94454e+06
2.94454e+06
2.94416e+06
2.9439e+06
2.9439e+06
2.94372e+06
2.94333e+06
2.9431e+06
2.94263e+06
2.94226e+06
2.94224e+06
2.94182e+06
2.94182e+06
2.94153e+06
2.94102e+06
2.94067e+06
2.94015e+06
2.94e+06
2.93968e+06
2.93942e+06
2.93942e+06
2.93931e+06
2.93825e+06
2.93825e+06
2.93811e+06
2.93788e+06
2.93788e+06
2.93726e+06
2.93693e+06
2.93676e+06
2.93659e+06
2.93623e+06
2.93623e+06
2.93584e+06
2.93492e+06
2.93492e+06
2.93492e+06
2.93441e+06
2.93441e+06
2.93439e+06
2.93388e+06
2.93369e+06
2.93329e+06
2.9332e+06
2.93258e+06
2.93258e+06
2.93212e+06
2.9319e+06
2.93181e+06
2.93128e+06
2.93128e+06
2.93096e+06
2.92943e+06
2.92882e+06
2.92882e+06
2.92824e+06
2.92824e+06
2.92817e+06
2.9278e+06
2.9278e+06
2.92755e+06
2.92575e+06
2.92575e+06
2.92575e+06
2.92559e+06
2.92529e+06
2.92526e+06
2.92345e+06
2.92345e+06
2.92345e+06
2.92313e+06
2.92309e+06
2.92309e+06
2.92231e+06
2.92209e+06
2.92209e+06
2.92169e+06
2.92085e+06
2.92085e+06
2.9202e+06
2.92005e+06
2.91963e+06
2.91963e+06
2.91935e+06
2.91911e+06
2.91849e+06
2.91849e+06
2.91798e+06
2.91762e+06
2.91762e+06
2.91762e+06
2.91695e+06
2.91672e+06
2.9165e+06
2.91546e+06
2.91546e+06
2.91488e+06
2.91462e+06
2.91462e+06
2.91459e+06
2.91381e+06
2.91381e+06
2.91381e+06
2.91228e+06
2.91228e+06
2.91228e+06
2.91165e+06
2.91164e+06
2.9114e+06
2.91091e+06
2.91091e+06
2.91086e+06
2.91066e+06
2.91057e+06
2.91018e+06
2.90934e+06
2.90934e+06
2.90934e+06
2.90806e+06
2.90806e+06
2.90759e+06
2.90759e+06
2.90754e+06
2.90745e+06
2.90587e+06
2.90587e+06
2.90587e+06
2.90507e+06
2.90468e+06
2.90468e+06
2.90448e+06
2.90445e+06
2.90436e+06
2.90282e+06
2.90275e+06
2.90243e+06
2.90242e+06
2.9024e+06
2.90229e+06
2.90201e+06
2.90186e+06
2.90169e+06
2.90064e+06
2.90041e+06
2.90041e+06
2.89991e+06
2.89991e+06
2.89989e+06
2.89906e+06
2.89906e+06
2.8988e+06
2.89783e+06
2.89783e+06
2.89764e+06
2.89755e+06
2.89705e+06
2.89685e+06
2.89616e+06
2.89616e+06
2.89616e+06
2.89387e+06
2.89387e+06
2.89379e+06
2.89378e+06
2.89378e+06
2.89344e+06
2.89211e+06
2.89211e+06
2.89211e+06
2.89141e+06
2.89141e+06
2.89131e+06
2.89091e+06
2.89073e+06
2.89073e+06
2.8905e+06
2.88996e+06
2.88963e+06
2.88949e+06
2.88938e+06
2.88909e+06
2.88834e+06
2.88834e+06
2.88834e+06
2.8877e+06
2.8877e+06
2.88752e+06
2.88685e+06
2.88685e+06
2.88633e+06
2.88603e+06
2.88576e+06
2.88576e+06
2.8849e+06
2.88483e+06
2.8847e+06
2.88397e+06
2.88379e+06
2.88363e+06
2.88338e+06
2.88326e+06
2.88326e+06
2.88227e+06
2.88227e+06
2.882e+06
2.88118e+06
2.88118e+06
2.88085e+06
2.88003e+06
2.88003e+06
2.88003e+06
2.87876e+06
2.87876e+06
2.87876e+06
2.87815e+06
2.87815e+06
2.87787e+06
2.87709e+06
2.87709e+06
2.87655e+06
2.87578e+06
2.87578e+06
2.87575e+06
2.87485e+06
2.87484e+06
2.87481e+06
2.87412e+06
2.87412e+06
2.87412e+06
2.87334e+06
2.87334e+06
2.87334e+06
2.8728e+06
2.87248e+06
2.87248e+06
2.87236e+06
2.87206e+06
2.87187e+06
2.87159e+06
2.87087e+06
2.87054e+06
2.87054e+06
2.87036e+06
2.87019e+06
2.86951e+06
2.86931e+06
2.86825e+06
2.86825e+06
2.86822e+06
2.86821e+06
2.86729e+06
2.86729e+06
2.86681e+06
2.86665e+06
2.8664e+06
2.86627e+06
2.86583e+06
2.86571e+06
2.86571e+06
2.86399e+06
2.86399e+06
2.86399e+06
2.86272e+06
2.86272e+06
2.86272e+06
2.86209e+06
2.86209e+06
2.86209e+06
2.86185e+06
2.86165e+06
2.8616e+06
2.86054e+06
2.86054e+06
2.86054e+06
2.86005e+06
2.86005e+06
2.85983e+06
2.859e+06
2.859e+06
2.85872e+06
2.85797e+06
2.85782e+06
2.85782e+06
2.8575e+06
2.8575e+06
2.8573e+06
2.85664e+06
2.85646e+06
2.85646e+06
2.85551e+06
2.85548e+06
2.85548e+06
2.85466e+06
2.85465e+06
2.8545e+06
2.85441e+06
2.85441e+06
2.85352e+06
2.85337e+06
2.85337e+06
2.85293e+06
2.85248e+06
2.85248e+06
2.85228e+06
2.85076e+06
2.85076e+06
2.85064e+06
2.84976e+06
2.84976e+06
2.84969e+06
2.84959e+06
2.84926e+06
2.84858e+06
2.84848e+06
2.84848e+06
2.84828e+06
2.84792e+06
2.84763e+06
2.84763e+06
2.8473e+06
2.84677e+06
2.84675e+06
2.84664e+06
2.84636e+06
2.84629e+06
2.84458e+06
2.84443e+06
2.84398e+06
2.84398e+06
2.84396e+06
2.8438e+06
2.8438e+06
2.84374e+06
2.84332e+06
2.84302e+06
2.84302e+06
2.84243e+06
2.84206e+06
2.84143e+06
2.84143e+06
2.84042e+06
2.84024e+06
2.84024e+06
2.83995e+06
2.83977e+06
2.83977e+06
2.83855e+06
2.8384e+06
2.83833e+06
2.83774e+06
2.83764e+06
2.83764e+06
2.83551e+06
2.83551e+06
2.83551e+06
2.83542e+06
2.83541e+06
2.83519e+06
2.83437e+06
2.83404e+06
2.83404e+06
2.83375e+06
2.83375e+06
2.83375e+06
2.83359e+06
2.83283e+06
2.83283e+06
2.83241e+06
2.83241e+06
2.83195e+06
2.83172e+06
2.83136e+06
2.83106e+06
2.83092e+06
2.83092e+06
2.83044e+06
2.82983e+06
2.82957e+06
2.82944e+06
2.82861e+06
2.82861e+06
2.82854e+06
2.82793e+06
2.82793e+06
2.82692e+06
2.82677e+06
2.82616e+06
2.82616e+06
2.82587e+06
2.82587e+06
2.82575e+06
2.82514e+06
2.82497e+06
2.82483e+06
2.82429e+06
2.82415e+06
2.824e+06
2.82382e+06
2.82382e+06
2.82336e+06
2.82242e+06
2.82242e+06
2.82231e+06
2.82227e+06
2.82224e+06
2.82189e+06
2.82139e+06
2.82125e+06
2.8209e+06
2.81985e+06
2.81985e+06
2.81918e+06
2.8188e+06
2.8188e+06
2.81828e+06
2.81828e+06
2.81806e+06
2.8178e+06
2.81751e+06
2.81737e+06
2.81716e+06
2.81617e+06
2.81594e+06
2.81594e+06
2.81574e+06
2.81556e+06
2.81535e+06
2.81511e+06
2.81511e+06
2.81489e+06
2.81414e+06
2.81414e+06
2.81317e+06
2.81294e+06
2.81294e+06
2.81294e+06
2.81277e+06
2.8123e+06
2.81224e+06
2.81152e+06
2.81123e+06
2.81096e+06
2.81074e+06
2.81074e+06
2.80997e+06
2.80952e+06
2.80946e+06
2.80917e+06
2.80808e+06
2.80808e+06
2.80808e+06
2.80771e+06
2.80771e+06
2.80771e+06
2.80635e+06
2.80635e+06
2.80619e+06
2.80503e+06
2.80503e+06
2.80503e+06
2.80468e+06
2.8046e+06
2.80438e+06
2.80398e+06
2.80398e+06
2.8038e+06
2.80264e+06
2.80264e+06
2.80209e+06
2.80141e+06
2.80141e+06
2.80131e+06
2.80125e+06
2.80091e+06
2.80091e+06
2.80024e+06
2.80011e+06
2.79943e+06
2.79874e+06
2.79874e+06
2.79854e+06
2.79798e+06
2.79798e+06
2.79798e+06
2.79642e+06
2.79616e+06
2.79616e+06
2.79593e+06
2.7958e+06
2.79577e+06
2.79551e+06
2.79551e+06
2.79503e+06
2.79442e+06
2.79442e+06
2.79435e+06
2.79352e+06
2.79352e+06
2.79334e+06
2.79272e+06
2.79272e+06
2.7927e+06
2.79183e+06
2.79183e+06
2.79158e+06
2.79059e+06
2.79041e+06
2.79031e+06
2.79e+06
2.78994e+06
2.78945e+06
2.78877e+06
2.7882e+06
2.7882e+06
2.78775e+06
2.78745e+06
2.78732e+06
2.78636e+06
2.78636e+06
2.78582e+06
2.78582e+06
2.78556e+06
2.78507e+06
2.78507e+06
2.78457e+06
2.78457e+06
2.78339e+06
2.78339e+06
2.78324e+06
2.78292e+06
2.7828e+06
2.78271e+06
2.78135e+06
2.78134e+06
2.78112e+06
2.78099e+06
2.78097e+06
2.78071e+06
2.78022e+06
2.77987e+06
2.77987e+06
2.77945e+06
2.77895e+06
2.77877e+06
2.77842e+06
2.77842e+06
2.77811e+06
2.7765e+06
2.7765e+06
2.77599e+06
2.77599e+06
2.77599e+06
2.77564e+06
2.77507e+06
2.77507e+06
2.77487e+06
2.77426e+06
2.77426e+06
2.7737e+06
2.77287e+06
2.77287e+06
2.77201e+06
2.77201e+06
2.77199e+06
2.77188e+06
2.77054e+06
2.77054e+06
2.77054e+06
2.76985e+06
2.76985e+06
2.76964e+06
2.76863e+06
2.76826e+06
2.76826e+06
2.7675e+06
2.7675e+06
2.7675e+06
2.76674e+06
2.76674e+06
2.76663e+06
2.76584e+06
2.76553e+06
2.76553e+06
2.76419e+06
2.76419e+06
2.76419e+06
2.76379e+06
2.76377e+06
2.76355e+06
2.76284e+06
2.76275e+06
2.76202e+06
2.76179e+06
2.76176e+06
2.76165e+06
2.76026e+06
2.76026e+06
2.75957e+06
2.75916e+06
2.75916e+06
2.75883e+06
2.75863e+06
2.75852e+06
2.75834e+06
2.75534e+06
2.7553e+06
2.7553e+06
2.7553e+06
2.75499e+06
2.75488e+06
2.75488e+06
2.75465e+06
2.75456e+06
2.75376e+06
2.7535e+06
2.75339e+06
2.75339e+06
2.75332e+06
2.75257e+06
2.75248e+06
2.75234e+06
2.75179e+06
2.75105e+06
2.75105e+06
2.75085e+06
2.75013e+06
2.75013e+06
2.75013e+06
2.74908e+06
2.74908e+06
2.74908e+06
2.74816e+06
2.748e+06
2.748e+06
2.7471e+06
2.747e+06
2.747e+06
2.74663e+06
2.7466e+06
2.74641e+06
2.74539e+06
2.74539e+06
2.74534e+06
2.74417e+06
2.74417e+06
2.74415e+06
2.74373e+06
2.74373e+06
2.74346e+06
2.74301e+06
2.74284e+06
2.74284e+06
2.74203e+06
2.74203e+06
2.74155e+06
2.74131e+06
2.74131e+06
2.74053e+06
2.73979e+06
2.73979e+06
2.73971e+06
2.73937e+06
2.73912e+06
2.73883e+06
2.73819e+06
2.73777e+06
2.73777e+06
2.7377e+06
2.73758e+06
2.73685e+06
2.73685e+06
2.73597e+06
2.73597e+06
2.73577e+06
2.73528e+06
2.73528e+06
2.735e+06
2.735e+06
2.73493e+06
2.73335e+06
2.73335e+06
2.73335e+06
2.73283e+06
2.73283e+06
2.73283e+06
2.73221e+06
2.73171e+06
2.73171e+06
2.73132e+06
2.73128e+06
2.73099e+06
2.72983e+06
2.72983e+06
2.72983e+06
2.72872e+06
2.72872e+06
2.72868e+06
2.72761e+06
2.72761e+06
2.72761e+06
2.72761e+06
2.72761e+06
2.72735e+06
2.72672e+06
2.72668e+06
2.72578e+06
2.72578e+06
2.72578e+06
2.72555e+06
2.72555e+06
2.72551e+06
2.72499e+06
2.72482e+06
2.72482e+06
2.7233e+06
2.7233e+06
2.7233e+06
2.72297e+06
2.72296e+06
2.72237e+06
2.72237e+06
2.72229e+06
2.72229e+06
2.72198e+06
2.72178e+06
2.72113e+06
2.72101e+06
2.72101e+06
2.72074e+06
2.72054e+06
2.72048e+06
2.72014e+06
2.71926e+06
2.71904e+06
2.71899e+06
2.71899e+06
2.71869e+06
2.71859e+06
2.71816e+06
2.71805e+06
2.71797e+06
2.71794e+06
2.71673e+06
2.71673e+06
2.71673e+06
2.71638e+06
2.71631e+06
2.71576e+06
2.71576e+06
2.7157e+06
2.71567e+06
2.71512e+06
2.7147e+06
2.7147e+06
2.71407e+06
2.71407e+06
2.71407e+06
2.71279e+06
2.71279e+06
2.71236e+06
2.71236e+06
2.71214e+06
2.71209e+06
2.7113e+06
2.7113e+06
2.71115e+06
2.71098e+06
2.71005e+06
2.71001e+06
2.70998e+06
2.70991e+06
2.70965e+06
2.7088e+06
2.7088e+06
2.70789e+06
2.70789e+06
2.70789e+06
2.7074e+06
2.70724e+06
2.70722e+06
2.70715e+06
2.70676e+06
2.70667e+06
2.70667e+06
2.70667e+06
2.70616e+06
2.70596e+06
2.70595e+06
2.70588e+06
2.70515e+06
2.70506e+06
2.70476e+06
2.70381e+06
2.70381e+06
2.70372e+06
2.70368e+06
2.70348e+06
2.70346e+06
2.7032e+06
2.70273e+06
2.70261e+06
2.70261e+06
2.70169e+06
2.70169e+06
2.70155e+06
2.70081e+06
2.70081e+06
2.70081e+06
2.70043e+06
2.70023e+06
2.70014e+06
2.69985e+06
2.69985e+06
2.69964e+06
2.69916e+06
2.69913e+06
2.69875e+06
2.69806e+06
2.69806e+06
2.69806e+06
2.69701e+06
2.69693e+06
2.69673e+06
2.69626e+06
2.69626e+06
2.69599e+06
2.6958e+06
2.6958e+06
2.69559e+06
2.69505e+06
2.69499e+06
2.69471e+06
2.6944e+06
2.69431e+06
2.69431e+06
2.69368e+06
2.69336e+06
2.69336e+06
2.6931e+06
2.69297e+06
2.69279e+06
2.69234e+06
2.69234e+06
2.69214e+06
2.69122e+06
2.69122e+06
2.69093e+06
2.68936e+06
2.68936e+06
2.68936e+06
2.68866e+06
2.68866e+06
2.68851e+06
2.68824e+06
2.68816e+06
2.68809e+06
2.68686e+06
2.68686e+06
2.68685e+06
2.68631e+06
2.68631e+06
2.68631e+06
2.68586e+06
2.68577e+06
2.68557e+06
2.68529e+06
2.68511e+06
2.68408e+06
2.68408e+06
2.68402e+06
2.68366e+06
2.68312e+06
2.68312e+06
2.68312e+06
2.68151e+06
2.68151e+06
2.68134e+06
2.68116e+06
2.68116e+06
2.68053e+06
2.68053e+06
2.68008e+06
2.68008e+06
2.67984e+06
2.67957e+06
2.67957e+06
2.67922e+06
2.67911e+06
2.67887e+06
2.67848e+06
2.67847e+06
2.67811e+06
2.67777e+06
2.67777e+06
2.67771e+06
2.67722e+06
2.67701e+06
2.67689e+06
2.67601e+06
2.67601e+06
2.67601e+06
2.67531e+06
2.67531e+06
2.67531e+06
2.67506e+06
2.67483e+06
2.67483e+06
2.6741e+06
2.67405e+06
2.67358e+06
2.67354e+06
2.67338e+06
2.67327e+06
2.67227e+06
2.67227e+06
2.67226e+06
2.67221e+06
2.67215e+06
2.67187e+06
2.67114e+06
2.67101e+06
2.67101e+06
2.67018e+06
2.66892e+06
2.66892e+06
2.66878e+06
2.66872e+06
2.66872e+06
2.66855e+06
2.66843e+06
2.66791e+06
2.6677e+06
2.66755e+06
2.6675e+06
2.66715e+06
2.66715e+06
2.66603e+06
2.66599e+06
2.66589e+06
2.66565e+06
2.66533e+06
2.6651e+06
2.6651e+06
2.66464e+06
2.66464e+06
2.66435e+06
2.66405e+06
2.66379e+06
2.66379e+06
2.6623e+06
2.6623e+06
2.66227e+06
2.66156e+06
2.66156e+06
2.6614e+06
2.66092e+06
2.66092e+06
2.66054e+06
2.65994e+06
2.65925e+06
2.65925e+06
2.65918e+06
2.65909e+06
2.6583e+06
2.65823e+06
2.65794e+06
2.65794e+06
2.65728e+06
2.65728e+06
2.65688e+06
2.65649e+06
2.65649e+06
2.65649e+06
2.65533e+06
2.65533e+06
2.65533e+06
2.65486e+06
2.65486e+06
2.65486e+06
2.65445e+06
2.65425e+06
2.65425e+06
2.65315e+06
2.65285e+06
2.65285e+06
2.65222e+06
2.65222e+06
2.65218e+06
2.65215e+06
2.65165e+06
2.65151e+06
2.65082e+06
2.65082e+06
2.65082e+06
2.6504e+06
2.65015e+06
2.65015e+06
2.64986e+06
2.64961e+06
2.64925e+06
2.64925e+06
2.6492e+06
2.64903e+06
2.64862e+06
2.64828e+06
2.64828e+06
2.64705e+06
2.64695e+06
2.64695e+06
2.64646e+06
2.64644e+06
2.64621e+06
2.64563e+06
2.64563e+06
2.64438e+06
2.64419e+06
2.64419e+06
2.64419e+06
2.64415e+06
2.64385e+06
2.64332e+06
2.64332e+06
2.64327e+06
2.64264e+06
2.64178e+06
2.64178e+06
2.6417e+06
2.6417e+06
2.64156e+06
2.6414e+06
2.64072e+06
2.64072e+06
2.6404e+06
2.64034e+06
2.64019e+06
2.6401e+06
2.6398e+06
2.63941e+06
2.63931e+06
2.6387e+06
2.63857e+06
2.63857e+06
2.6379e+06
2.63774e+06
2.63755e+06
2.63694e+06
2.63694e+06
2.63694e+06
2.63628e+06
2.63628e+06
2.63625e+06
2.63552e+06
2.63552e+06
2.63532e+06
2.63492e+06
2.63492e+06
2.63489e+06
2.6338e+06
2.63363e+06
2.63363e+06
2.63331e+06
2.63313e+06
2.63313e+06
2.63243e+06
2.63243e+06
2.63228e+06
2.63185e+06
2.63181e+06
2.63145e+06
2.63004e+06
2.62998e+06
2.6297e+06
2.6297e+06
2.6297e+06
2.62965e+06
2.62897e+06
2.62858e+06
2.62858e+06
2.62819e+06
2.62785e+06
2.62785e+06
2.62688e+06
2.62688e+06
2.62688e+06
2.62651e+06
2.62623e+06
2.62623e+06
2.62581e+06
2.62556e+06
2.62552e+06
2.62507e+06
2.62507e+06
2.6244e+06
2.62437e+06
2.62407e+06
2.62393e+06
2.62323e+06
2.62323e+06
2.62313e+06
2.62251e+06
2.62251e+06
2.62251e+06
2.62176e+06
2.62176e+06
2.62176e+06
2.62067e+06
2.62067e+06
2.62067e+06
2.62002e+06
2.61991e+06
2.61982e+06
2.61923e+06
2.61923e+06
2.61876e+06
2.61824e+06
2.61824e+06
2.61796e+06
2.61681e+06
2.61681e+06
2.61681e+06
2.6167e+06
2.6167e+06
2.61648e+06
2.61584e+06
2.61584e+06
2.61584e+06
2.6152e+06
2.61507e+06
2.61507e+06
2.61416e+06
2.6141e+06
2.6141e+06
2.61337e+06
2.61316e+06
2.61316e+06
2.61283e+06
2.61277e+06
2.61276e+06
2.61155e+06
2.61155e+06
2.61155e+06
2.61104e+06
2.61102e+06
2.61075e+06
2.61043e+06
2.61043e+06
2.61018e+06
2.60869e+06
2.60869e+06
2.60837e+06
