16666.3	16477.3	189
16515.2	16666.3	-151.1
16352.2	16515.2	-163
16034.1	16352.2	-318.1
16016.5	16034.1	-17.6
15890.9	16016.5	-125.6
16190.9	15890.9	300
16232.1	16190.9	41.2
16067	16232.1	-165.1
16100.4	16067	33.4
16088.5	16100.4	-11.9
16100	16088.5	11.5
16001	16100	-99
15890	16001	-111
15800.5	15890	-89.5
15727.2	15800.5	-73.3
15677.9	15727.2	-49.3
15653.3	15677.9	-24.6
15554.8	15653.3	-98.5
15470.5	15554.8	-84.3
15551.5	15470.5	81
15629.4	15551.5	77.9
15676.8	15675.8	1
15807.1	15676.8	130.3
15819	15807.1	11.9
15672.6	15819	-146.4
16194	15672.6	521.4
16573.7	16194	379.7
16891.9	16573.7	318.2
17279.7	16891.9	387.8
17839.9	17279.7	560.2
17999.2	17839.9	159.3
18123.8	17999.2	124.6
18282.3	18123.8	158.5
18419.2	18282.3	136.9
18646.2	18419.2	227
18808.5	18646.2	162.3
18932.3	18808.5	123.8
19037.5	18932.3	105.2
19166.5	19037.5	129
19263.5	19166.5	97
19224.6	19263.5	-38.9
18898.8	19224.6	-325.8
18753	18898.8	-145.8
18494.7	18753	-258.3
18417.8	18494.7	-76.9
18589.4	18417.8	171.6
18839.1	18589.4	249.7
18953.6	18839.1	114.5
19048.9	18953.6	95.3
19026	19048.9	-22.9
19108.7	19026	82.7
19062.1	19108.7	-46.6
19038.6	19062.1	-23.5
19002.8	19038.6	-35.8
18973.6	19002.8	-29.2
18997.9	18973.6	24.3
19004	18997.9	6.1
19049	19004	45
19025	19049	-24
19043.2	19025	18.2
19011.8	19043.2	-31.4
18938.8	19011.8	-73
18939.2	18938.8	0.4
18925.3	18939.2	-13.9
18497.8	18883.7	-385.9
18117.4	18497.8	-380.4
17833.6	18117.4	-283.8
17592.3	17833.6	-241.3
17403	17592.3	-189.3
17305.8	17403	-97.2
17252.3	17305.8	-53.5
17318.8	17252.3	66.5
17440.3	17318.8	121.5
17696.9	17440.3	256.6
17984.2	17696.9	287.3
18175.9	17984.2	191.7
18223.7	18175.9	47.8
18214.1	18223.7	-9.6
18207.7	18214.1	-6.4
18175.6	18207.7	-32.1
18222.8	18175.6	47.2
18294.3	18222.8	71.5
18220.5	18294.3	-73.8
18131.4	18220.5	-89.1
18129.6	18131.4	-1.8
18120.3	18129.6	-9.3
18022.3	18120.3	-98
17848.3	18022.3	-174
17720.7	17848.3	-127.6
17528.4	17720.7	-192.3
17261.2	17528.4	-267.2
16529.6	17261.2	-731.6
50043.3	49937.2	106.1
49852.4	50043.3	-190.9
49563.2	49852.4	-289.2
49292.5	49563.2	-270.7
49153.7	49292.5	-138.8
48950.3	49153.7	-203.4
48841.7	48950.3	-108.6
48672.5	48841.7	-169.2
48560.2	48672.5	-112.3
48400.5	48560.2	-159.7
48277.1	48400.5	-123.4
48211.7	48277.1	-65.4
47958.1	48211.7	-253.6
47787.4	47958.1	-170.7
47469.5	47787.4	-317.9
47305.7	47469.5	-163.8
47105.2	47305.7	-200.5
47034.5	47105.2	-70.7
47314.8	47034.5	280.3
47294.2	47314.8	-20.6
47652.8	47294.2	358.6
47838.4	47652.8	185.6
48149	48085.4	63.6
48408.7	48149	259.7
48503	48408.7	94.3
48615.3	48503	112.3
49090	48615.3	474.7
49422	49090	332
50137.1	49422	715.1
50461.7	50137.1	324.6
49591.2	50461.7	-870.5
50252.2	49591.2	661
52081.7	50252.2	1829.5
53281.8	52081.7	1200.1
53791.2	53281.8	509.4
54289.3	53791.2	498.1
54727	54289.3	437.7
55084.2	54727	357.2
55368.2	55084.2	284
55714.1	55368.2	345.9
55907.8	55714.1	193.7
55831.5	55907.8	-76.3
55025.6	55831.5	-805.9
54655.5	55025.6	-370.1
53947.9	54655.5	-707.6
53763.2	53947.9	-184.7
54245.4	53763.2	482.2
54937.2	54245.4	691.8
55250.8	54937.2	313.6
55529.7	55250.8	278.9
55504.6	55529.7	-25.1
55734.4	55504.6	229.8
55656.5	55734.4	-77.9
55615.1	55656.5	-41.4
55590.4	55615.1	-24.7
55570.3	55590.4	-20.1
55638.5	55570.3	68.2
55668.2	55638.5	29.7
55790.5	55668.2	122.3
55749.8	55790.5	-40.7
55813.4	55749.8	63.6
55732.9	55813.4	-80.5
55544.4	55732.9	-188.5
55530.2	55544.4	-14.2
55510.1	55530.2	-20.1
54388.4	55323.4	-935
53571.3	54388.4	-817.1
52876.7	53571.3	-694.6
52356.5	52876.7	-520.2
51898.3	52356.5	-458.2
51712	51898.3	-186.3
51611.4	51712	-100.6
51822.2	51611.4	210.8
52163.1	51822.2	340.9
52878.7	52163.1	715.6
53681.5	52878.7	802.8
54318.1	53681.5	636.6
54544.6	54318.1	226.5
54546.9	54544.6	2.3
54535.1	54546.9	-11.8
54424	54535.1	-111.1
54551.3	54424	127.3
54651.3	54551.3	100
54461.2	54651.3	-190.1
54217.7	54461.2	-243.5
54213.9	54217.7	-3.8
54206.2	54213.9	-7.7
53945.5	54206.2	-260.7
53496.4	53945.5	-449.1
53166	53496.4	-330.4
52641.1	53166	-524.9
52537.8	52641.1	-103.3
51778.9	52537.8	-758.9
28492.5	28379.6	112.9
28197.9	28492.5	-294.6
27785.1	28197.9	-412.8
27359.9	27785.1	-425.2
27177.1	27359.9	-182.8
26856.2	27177.1	-320.9
26771.3	26856.2	-84.9
26530.3	26771.3	-241
26343.3	26530.3	-187
26170.5	26343.3	-172.8
25911.3	26170.5	-259.2
25802.8	25911.3	-108.5
25639.4	25802.8	-163.4
25478	25639.4	-161.4
25220.4	25478	-257.6
24977.6	25220.4	-242.8
24965.6	24977.6	-12
24868.7	24965.6	-96.9
24588	24868.7	-280.7
24398.2	24588	-189.8
24932.9	24398.2	534.7
25236.4	24932.9	303.5
25753.4	25650	103.4
26167.4	25753.4	414
26318.7	26167.4	151.3
26499.2	26318.7	180.5
27243.8	26499.2	744.6
28385.7	27243.8	1141.9
29515	28385.7	1129.3
30860.2	29515	1345.2
31905.9	30860.2	1045.7
32394.4	31905.9	488.5
32905.2	32394.4	510.8
33617.4	32905.2	712.2
34192	33617.4	574.6
35146.9	34192	954.9
35834.2	35146.9	687.3
36386.5	35834.2	552.3
36810.8	36386.5	424.3
37372.4	36810.8	561.6
37780.5	37372.4	408.1
37637.8	37780.5	-142.7
36302.1	37637.8	-1335.7
35717.1	36302.1	-585
34687.2	35717.1	-1029.9
34376.2	34687.2	-311
35123.3	34376.2	747.1
36179.2	35123.3	1055.9
36666.4	36179.2	487.2
37074	36666.4	407.6
37026.5	37074	-47.5
37375.9	37026.5	349.4
37233.6	37375.9	-142.3
37155	37233.6	-78.6
37127.9	37155	-27.1
37112.8	37127.9	-15.1
37226.8	37112.8	114
37289.2	37226.8	62.4
37471	37289.2	181.8
37426.2	37471	-44.8
37515.8	37426.2	89.6
37400.2	37515.8	-115.6
37118.2	37400.2	-282
37137.4	37118.2	19.2
37101.4	37137.4	-36
35605.5	36923.6	-1318.1
34332.5	35605.5	-1273
33229.6	34332.5	-1102.9
32406.9	33229.6	-822.7
31680.1	32406.9	-726.8
31399.7	31680.1	-280.4
31234.7	31399.7	-165
31568.5	31234.7	333.8
32111.1	31568.5	542.6
33208.9	32111.1	1097.8
34493.4	33208.9	1284.5
35392.2	34493.4	898.8
35662.2	35392.2	270
35654.6	35662.2	-7.6
35625.4	35654.6	-29.2
35524.6	35625.4	-100.8
35728.1	35524.6	203.5
36026.9	35728.1	298.8
35722.7	36026.9	-304.2
35340	35722.7	-382.7
35339.8	35340	-0.2
35315	35339.8	-24.8
34908	35315	-407
34198.2	34908	-709.8
33678.8	34198.2	-519.4
32857.1	33678.8	-821.7
31795	32857.1	-1062.1
31593.5	31795	-201.5
14381.8	14666.9	-285.1
14175.9	14381.8	-205.9
14173.9	14175.9	-2
13889.9	14173.9	-284
13996.9	13889.9	107
13955.8	13996.9	-41.1
13860.3	13955.8	-95.5
13817.2	13860.3	-43.1
13740.6	13817.2	-76.6
13779.6	13740.6	39
13632	13779.6	-147.6
13648.5	13632	16.5
13589.5	13648.5	-59
13579.5	13589.5	-10
13432.5	13579.5	-147
13404.5	13432.5	-28
13405.2	13404.5	0.7
13328.5	13405.2	-76.7
13294.5	13328.5	-34
13308.1	13294.5	13.6
13468.8	13308.1	160.7
13761.8	13468.8	293
14040.8	13895.8	145
14082.8	14040.8	42
14158.3	14082.8	75.5
14002.9	14158.3	-155.4
13875.2	14002.9	-127.7
13688.8	13875.2	-186.4
13837.3	13688.8	148.5
14034.9	13837.3	197.6
14219.4	14034.9	184.5
14485.2	14219.4	265.8
14686.2	14485.2	201
14797.4	14686.2	111.2
14767.4	14797.4	-30
14805	14767.4	37.6
14937.8	14805	132.8
14968.4	14937.8	30.6
15301.8	14968.4	333.4
15581	15301.8	279.2
15773.6	15581	192.6
15985.5	15773.6	211.9
15987.9	15985.5	2.4
16030.6	15987.9	42.7
15870.5	16030.6	-160.1
15631.4	15870.5	-239.1
15522.3	15631.4	-109.1
15781.9	15522.3	259.6
15906.6	15781.9	124.7
15857.2	15906.6	-49.4
15844.2	15857.2	-13
15845.9	15844.2	1.7
15840.5	15845.9	-5.4
15803.2	15840.5	-37.3
15816.4	15803.2	13.2
15812.9	15816.4	-3.5
15817	15812.9	4.1
15817.3	15817	0.3
15794.4	15817.3	-22.9
15801.2	15794.4	6.8
15792.4	15801.2	-8.8
15774.3	15792.4	-18.1
15747.3	15774.3	-27
15746.1	15747.3	-1.2
15726.8	15746.1	-19.3
15538.2	15630.5	-92.3
15458.6	15538.2	-79.6
15345.4	15458.6	-113.2
15157.2	15345.4	-188.2
14965.4	15157.2	-191.8
14899.4	14965.4	-66
14787.4	14899.4	-112
14854.4	14787.4	67
15019.4	14854.4	165
15372.4	15019.4	353
15913.3	15372.4	540.9
16040.2	15913.3	126.9
16200.9	16040.2	160.7
16269.8	16200.9	68.9
16219.2	16269.8	-50.6
16067.7	16219.2	-151.5
15970.2	16067.7	-97.5
15991.3	15970.2	21.1
15879.5	15991.3	-111.8
15709.8	15879.5	-169.7
15503.5	15709.8	-206.3
15798.9	15503.5	295.4
15624.2	15798.9	-174.7
15448.9	15624.2	-175.3
15304.5	15448.9	-144.4
15209.8	15304.5	-94.7
15043.4	15209.8	-166.4
14853.4	15043.4	-190
