14.000000,14.000000,14.000000,18.000000,63.403962,70.748191,
40.846026,41.681644,43.000000,54.186137,68.796264,629.646872,
16.880100,19.461076,20.256120,20.649670,33.197529,710.675198,
29.379739,33.542970,51.521681,60.000000,248.464721,737.677709,
10.000000,11.000000,11.000000,23.325697,33.728170,52.000000,
62.807261,80.460890,111.882055,120.887094,181.000123,1013.218977,
23.303215,25.000000,27.000000,35.000000,45.338118,218.805567,
15.000000,17.000000,20.992116,24.523022,33.298978,35.000000,
13.597105,14.353328,14.931065,20.705346,31.749226,705.219792,
40.000000,40.000000,42.158210,47.000000,71.575897,112.000000,
24.000000,24.000000,25.000000,37.085453,40.568646,84.969442,
8.289444,9.652089,10.180882,10.365189,14.650538,124.045896,
0.287348,0.313470,0.348300,0.400546,0.461498,1.008708,
3.772083,7.004257,8.470202,9.034290,10.648580,11.482535,
3.879776,4.177558,4.857626,5.000000,5.224415,16.307849,
3.925629,4.000000,5.073317,7.950446,8.551278,11.377890,
9.774583,9.977502,11.224690,16.040341,21.863169,104.840360,
15.000000,17.580053,18.000000,32.226051,38.054421,119.930722,
16.215929,19.655671,26.273415,32.112630,35.026197,199.385810,
19.953428,23.000000,33.000000,39.000000,46.000000,105.763730,
1.065200,1.272264,1.911196,2.332484,4.485631,5.000000,
17.926452,18.525037,19.211150,21.000000,34.991737,120.041812,
11.000000,11.000000,16.000000,16.277210,55.552677,57.330415,
36.191461,49.151583,57.000000,130.000000,223.922485,273.271651,
6.000000,7.000000,10.886315,15.329458,18.170035,37.682085,
31.449258,38.607735,45.324993,57.000000,65.342481,90.297504,
7.409958,8.000000,11.641896,17.167084,36.414911,236.345100,
46.000000,46.000000,47.926840,51.943148,76.653489,213.442096,
17.136235,22.450724,29.000000,34.000000,35.169749,76.499779,
17.393674,23.673104,37.728670,39.000000,64.000000,224.808918,
18.726474,22.707122,25.456382,39.243816,56.179421,986.081193,
2.074143,2.173823,3.000000,9.149429,20.000000,24.516636,
1.196101,1.355581,1.355581,3.391702,3.981026,9.239220,
14.000000,21.000000,37.000000,46.444182,59.335745,75.722581,
18.000000,19.000000,21.000000,23.000000,34.100319,55.503483,
10.150345,10.745559,14.601522,22.550668,32.236677,534.337857,
20.945944,24.666639,24.765840,26.000000,37.253485,136.561014,
22.257199,26.000000,31.000000,62.220818,253.393653,498.880565,
19.000000,20.490266,23.018884,23.519295,62.223260,94.602185,
61.897541,72.157287,110.376134,119.136126,177.838596,985.810564,
15.270427,18.000000,22.000000,24.000000,28.125294,117.462494,
9.919199,10.731391,11.572399,19.928412,20.639242,244.521814,
19.299661,24.649740,27.289267,29.025462,31.629437,68.324968,
9.729177,12.433811,15.345018,19.000000,67.539374,263.163334,
21.000000,25.000000,32.535843,36.458783,37.943706,41.000000,
21.400221,24.709090,34.061413,37.000000,37.203464,397.038187,
17.368199,27.559255,28.771488,38.288983,97.958421,121.759865,
23.583730,23.625936,29.166730,33.000000,37.300556,38.448654,
18.000000,19.641546,22.000000,28.000000,39.909846,59.606036,
4.000000,4.000000,5.000000,7.420211,10.119378,47.094269,
22.939050,26.265095,32.453939,42.668446,51.000000,424.537642,
9.000000,9.086264,16.137827,16.641839,21.971980,42.000000,
13.182635,14.333265,19.000000,29.311731,35.378201,46.260516,
7.597369,8.565555,10.000000,14.000000,15.236463,16.722358,
16.000000,18.347775,19.000000,20.937322,24.926265,32.525490,
3.681793,3.908541,8.635490,9.786889,11.972937,26.500768,
21.556687,23.000000,34.489623,55.913831,57.000000,60.387070,
25.614763,26.146524,35.489460,42.034484,56.853893,281.734218,
8.258850,10.202109,11.741572,14.574442,20.232991,30.070483,
15.747340,18.000000,21.365261,22.000000,24.231245,246.465312,
40.910041,41.000000,50.000000,89.589610,97.835627,340.838739,
20.423849,21.832391,28.071126,35.000000,48.861155,442.464323,
3.098968,3.450829,3.456772,6.881532,16.903550,18.287437,
6.075662,7.558706,9.681796,10.991101,19.797684,21.728494,
4.957924,5.123558,5.205820,6.776520,16.635120,21.215562,
37.302076,40.920383,58.000000,86.547398,87.561973,101.211322,
11.996407,14.000000,26.518373,32.311319,56.728152,249.899774,
7.578954,7.859604,13.229171,16.624717,21.728373,44.745713,
11.000000,11.127163,12.000000,12.438109,15.619130,150.222379,
17.000000,17.578785,19.966163,29.123878,31.171974,164.193288,
9.379211,10.031705,10.783914,16.478456,18.490445,44.294358,
15.174931,16.000000,16.151313,19.480209,24.409966,24.922740,
18.000000,18.329960,29.043033,38.029358,43.000000,104.728750,
32.057757,35.581286,52.539102,58.560317,78.560521,1474.696240,
13.000000,15.000000,19.000000,19.089711,24.687214,185.781437,
10.970188,13.383630,16.455283,74.144512,78.550994,100.852416,
7.078484,9.009067,11.875514,13.946824,20.232299,28.029838,
1.000000,1.000000,1.237302,1.251475,13.086707,19.009370,
3.157071,3.171409,3.665055,3.874587,3.874587,13.091006,
8.000000,8.013793,9.519669,10.122810,11.111752,63.861852,
12.499429,12.750890,14.194387,15.000000,57.374408,67.702212,
25.000000,31.000000,67.484264,86.919296,148.175730,598.839383,
32.488087,41.260489,42.000000,47.588418,61.572800,333.156615,
6.467000,8.000000,8.860539,13.057152,18.365473,23.079401,
6.392888,8.140711,8.168690,11.720294,13.174566,80.819725,
37.000000,42.000000,48.000000,67.555670,97.000000,246.026515,
24.000000,34.000000,40.626642,41.000000,90.663527,262.455898,
16.579435,16.977183,29.131189,32.045588,61.078626,110.237407,
10.123552,11.630472,12.756001,16.000000,40.858725,49.425935,
8.208668,8.279169,8.386541,10.664047,14.458655,42.511212,
2.679729,3.142575,3.246263,4.000000,5.505040,7.514618,
52.000000,62.727414,86.000000,145.212367,191.228196,661.625989,
13.691140,16.602541,17.000000,20.000000,31.909814,39.271027,
10.433387,11.218234,12.123164,20.177246,29.208434,39.667154,
27.000000,30.082109,35.261877,53.704364,64.455509,77.178099,
86.000000,93.000000,95.330281,179.000000,263.898940,1027.402217,
27.206271,28.000000,30.000000,40.000000,55.799313,139.306926,
11.000000,11.546999,11.881979,15.000000,61.335399,67.671560,
6.000000,9.000000,10.000000,10.865986,20.262775,24.779562,
4.560941,5.510467,6.454614,12.036070,16.841887,41.346262,
32.014768,36.469547,50.872947,55.978137,62.708725,590.608345,
1.476313,1.489323,1.611537,2.439901,6.000000,28.531587,
14.093716,14.648737,29.440711,33.810235,40.000000,157.053682,
15.264154,16.096702,19.000000,19.354367,38.622970,54.123668,
12.000000,16.625589,19.378849,23.688875,40.515849,189.358542,
9.497056,12.000000,14.000000,17.612102,18.241254,223.675294,
10.958698,12.630670,12.991899,14.548485,57.000000,108.346227,
24.284064,30.456180,45.302654,45.458526,95.132418,216.873014,
5.000000,5.276810,10.803517,17.276810,22.020277,42.579330,
42.859933,51.235937,62.459927,93.151250,105.197905,791.075300,
4.898167,5.706098,5.714529,9.599001,10.476636,16.619006,
12.989121,13.140633,23.291813,36.429379,42.000000,46.000000,
21.000000,27.000000,28.045539,49.000000,60.163219,60.896230,
8.000000,9.000000,12.866347,17.000000,21.000000,49.206336,
19.089302,21.462498,27.000000,35.438783,36.000000,330.114329,
22.133417,24.000000,40.022384,43.000000,43.502492,161.623062,
16.299842,17.000000,20.000000,24.506792,29.000000,32.632370,
3.717923,5.540261,5.591171,13.811993,14.783143,18.514673,
6.294743,7.273275,8.208292,10.714768,10.752103,11.903173,
28.004210,30.882491,61.736555,63.717105,110.363487,397.606223,
11.000000,13.000000,16.670051,17.493155,31.130016,109.401625,
28.053944,31.038406,33.000000,38.201115,42.181912,292.710685,
12.632332,13.103636,14.000000,16.043911,32.199867,63.597854,
5.447201,5.781362,5.997084,8.004962,15.223751,34.407228,
12.342397,14.391916,18.000000,18.000000,24.246839,55.906355,
5.000000,5.658675,8.033264,8.265439,15.000000,35.020342,
11.255350,13.129584,13.533568,27.183127,30.319293,38.356001,
17.628959,21.223649,25.749355,55.640377,57.423006,373.328841,
52.686606,61.929797,68.810030,97.483814,192.171437,267.813868,
9.172552,13.103646,15.000000,17.034740,17.176278,106.556607,
66.624890,74.998982,107.692546,114.640526,160.987468,390.484264,
38.140671,46.000000,67.471305,107.517194,119.646773,368.771182,
25.000000,26.960508,27.000000,57.000000,77.787524,135.000000,
7.536522,7.604820,7.700360,8.700360,20.576575,28.108715,
22.952123,25.250342,41.510881,41.820244,57.379719,66.659111,
80.382913,90.198656,115.430990,172.765969,386.284071,644.278045,
12.725468,15.147325,19.376425,28.601488,42.446195,115.294561,
8.000000,10.863316,13.000000,13.000000,50.859750,51.423604,
21.000000,23.000000,31.436619,55.970033,92.000000,323.966738,
14.175496,23.000000,26.010659,29.000000,48.701981,114.034869,
23.991103,24.512649,27.120377,33.378926,68.397967,257.501445,
11.462166,12.000000,14.000000,14.000000,17.882504,346.116003,
21.537647,21.754956,23.876564,25.971869,64.092949,259.757061,
4.000000,4.652032,5.985906,7.578195,11.439732,19.489799,
10.471109,19.173869,21.000000,21.874950,34.000000,214.501830,
29.241090,32.470021,47.922897,53.384086,87.000000,1378.467562,
10.000000,14.070464,14.843774,16.884557,41.100823,134.855967,
43.493621,50.000000,52.606782,78.243811,78.833698,353.346468,
11.000000,11.000000,12.000000,13.000000,26.878607,37.844764,
16.019332,26.126996,54.483559,71.718964,73.994010,391.227620,
7.000000,8.000000,8.321813,16.000000,17.756041,39.899467,
22.266673,23.320319,24.054324,25.000000,34.000000,38.429795,
16.527220,23.872651,28.463546,50.114838,150.642558,485.585239,
25.191437,28.746034,32.103217,59.847578,70.925383,94.492385,
33.075931,34.433852,42.607276,52.839311,55.184446,204.191458,
13.325594,16.000000,44.558847,55.326064,56.126673,63.982492,
17.977897,18.479690,27.000000,28.000000,36.106913,80.000000,
80.000000,84.000000,91.274596,107.483819,139.769498,256.897853,
5.991891,8.161943,8.592539,16.000000,24.799791,26.491695,
58.000000,77.000874,84.378916,87.729879,100.723044,123.086163,
12.747812,14.000000,14.000000,18.207584,19.000000,31.493834,
9.738958,10.000000,13.912797,14.945159,19.782276,30.782909,
11.000000,17.222568,24.000000,24.421325,30.564746,80.013610,
19.400715,19.847357,22.442215,30.517607,36.490490,354.777231,
12.000000,12.358894,13.983024,15.000000,21.421561,47.708321,
21.000000,24.038192,37.360211,41.000000,43.528834,44.358796,
10.602458,15.194619,16.367225,29.000000,32.000000,52.969386,
15.000000,16.000000,24.000000,46.000000,47.000000,120.268050,
8.963911,11.268917,12.170726,15.545182,22.793946,46.788239,
12.000000,12.000000,12.179901,13.284973,19.235606,111.926689,
7.844103,7.947879,10.000000,12.000000,23.205820,34.118512,
38.860737,38.951005,53.752443,60.823492,64.958726,217.867445,
15.000000,18.640045,18.944461,20.000000,33.543122,98.535606,
16.000000,22.000000,22.418641,23.374486,34.607365,789.538962,
17.802995,20.312042,25.367332,32.698922,35.417280,84.027177,
22.993466,24.000000,34.323099,49.434208,52.370653,146.719794,
9.117480,9.314987,9.963192,10.097114,17.054887,63.134736,
13.635663,14.000000,15.072139,15.601615,15.648015,22.062933,
3.313210,3.657440,4.144495,7.667880,9.482194,16.347237,
12.983825,13.000000,14.845771,20.000000,22.815824,210.478849,
32.166425,33.484890,33.865737,35.352789,37.421300,43.000000,
8.061819,10.886757,11.154131,11.162518,15.213259,108.189506,
15.485653,16.969761,18.000000,26.403273,26.842814,118.795099,
8.660239,9.049173,11.268084,12.947367,35.536879,76.178593,
16.833805,17.926815,18.049772,24.000000,37.020885,124.776038,
25.715915,26.779616,34.000000,34.813501,43.501059,395.354826,
10.000000,10.000000,14.100317,16.091769,20.374734,32.351856,
65.084205,68.356246,84.609466,123.610350,138.120808,1135.583511,
10.246398,12.322876,14.151701,53.236423,53.436645,54.289368,
10.000000,10.000000,11.000000,12.000000,147.402520,153.557539,
17.000000,22.000000,28.000000,40.000000,65.220300,102.450188,
20.000000,20.000000,27.316089,37.000000,44.189525,46.760119,
26.000000,31.377841,37.000000,40.000000,41.000000,200.584948,
1.474609,1.500185,1.556996,1.581924,2.132895,3.094104,
12.700598,15.657630,16.144450,19.249152,101.871861,324.451665,
10.571428,10.834940,11.745884,27.678583,34.258829,74.803230,
2.000000,2.714864,3.084635,3.589691,4.445788,4.566781,
13.261175,17.734606,20.843358,22.000000,22.403419,29.368124,
19.000000,20.000000,21.263348,29.000000,42.639020,445.614885,
23.000000,26.254848,66.000000,81.000000,88.992678,314.586605,
12.000000,12.910585,14.000000,21.449614,46.137111,47.000000,
0.700214,0.754076,1.077252,1.215450,1.400427,2.854717,
24.649473,29.000000,30.711113,31.000000,66.668540,439.831006,
25.024099,26.000000,50.906181,55.250721,99.000000,1028.932086,
21.333827,27.411417,31.952680,39.372398,50.139576,206.023602,
23.209329,26.000000,29.372845,35.448336,41.427831,68.019324,
8.910555,9.000000,9.000000,10.000000,16.358426,56.469808,
0.400546,0.461498,0.472774,0.590968,0.933694,4.035876,
27.000000,29.590790,32.070838,34.939388,53.261441,840.328367,
4.390435,6.000000,9.155906,13.145331,18.116422,21.000000,
6.336342,6.567259,8.077723,9.038757,9.460946,75.544348,
14.000000,15.259655,18.064680,25.125901,29.035345,160.676050,
9.440289,9.666171,12.000000,17.710137,20.000000,155.190858,
4.724317,5.555326,5.663042,11.737656,11.865918,66.652207,
22.000000,26.000000,29.017366,46.515182,49.131242,77.531320,
20.591089,23.000000,26.885758,40.000000,58.234741,127.761568,
40.000000,44.807618,61.721189,69.470845,75.692342,708.749086,
20.000000,24.536839,37.041889,46.631312,59.314040,192.229803,
9.345150,10.805330,10.805330,11.389402,33.780048,57.577582,
20.000000,22.000000,25.000000,36.503754,95.958353,125.760078,
20.000000,21.000000,25.275931,28.097178,37.322859,55.041915,
15.206576,15.286923,15.656723,21.566020,23.807403,95.932513,
19.123966,25.937463,40.059794,57.371898,61.000000,1018.838312,
19.556175,22.604515,35.000000,68.601178,238.156297,286.329441,
11.049372,20.000000,26.193442,36.798304,47.399695,123.555898,
3.887125,4.373015,5.335165,13.000000,13.823884,32.704126,
9.000000,12.154341,24.000000,28.000000,39.315667,66.090493,
18.218511,24.757424,38.233432,43.000000,54.655534,948.260987,
13.549761,14.296318,18.527102,23.000000,26.000000,129.275195,
98.198844,107.432708,123.736150,181.606609,238.974355,880.328834,
20.550698,22.223429,44.045192,69.891054,107.615886,111.881370,
20.000000,20.000000,27.000000,29.000000,48.661419,359.916556,
18.620907,20.185095,22.034400,27.148437,37.108549,89.315334,
7.510271,8.282778,8.286653,8.321813,16.000000,55.616462,
14.836125,16.000000,19.000000,45.788247,71.127030,104.908073,
7.000000,7.000000,9.111264,10.000000,13.000000,15.312072,
30.000000,33.000000,37.770729,40.000000,49.913918,234.506576,
21.000000,27.000000,31.391745,74.576871,90.433959,135.847525,
13.205690,17.000000,17.000000,26.264690,28.245404,32.000000,
14.000000,15.000000,18.323368,20.000000,42.131277,59.453832,
19.000000,23.000000,28.000000,32.652219,46.229153,95.353507,
2.503292,4.000000,4.100791,4.949144,5.248011,6.523732,
16.241745,17.920927,19.051165,20.104692,30.893187,55.982369,
7.000000,10.482103,10.804465,16.000000,17.968438,22.000000,
2.540891,9.000000,10.153438,17.000000,19.052954,23.000000,
25.606008,32.212406,39.234794,44.212189,85.212189,95.092396,
21.802599,26.225005,31.831241,68.752039,70.444541,484.266403,
16.773573,27.152450,39.798172,46.918698,61.706322,62.000000,
19.000000,19.486324,37.688043,44.504778,45.000000,189.364773,
14.408362,20.000000,27.167172,51.000000,74.797101,137.933400,
15.230380,22.460760,23.220261,35.073420,51.830985,66.943800,
21.148607,22.000000,23.226511,23.619065,35.479606,90.932093,
5.000000,5.074517,10.000000,10.743954,11.335399,14.677083,
4.146990,6.635184,8.000000,10.000000,16.092238,17.554183,
16.000000,30.000000,32.231129,35.799085,62.218558,73.527175,
9.341871,9.643221,13.587487,13.694252,20.298848,41.052625,
16.094546,18.000000,20.000000,24.000000,46.590674,249.729281,
11.000000,18.000000,24.069684,44.764384,72.000000,98.112692,
17.069758,22.000000,27.000000,31.824828,68.333156,122.954711,
13.000000,13.000000,13.000000,13.328172,17.796951,37.168739,
6.780219,7.607293,8.000000,10.681395,15.282959,30.943841,
12.749471,14.741576,14.741576,15.538418,46.083425,77.733688,
11.000000,11.150907,11.579788,21.444052,60.724040,82.809804,
46.000000,46.000000,47.000000,52.000000,64.000000,266.459013,
9.455212,10.774986,15.928107,16.546622,28.390195,51.289843,
18.709159,19.000000,19.233027,28.506137,42.562890,218.153780,
21.000000,22.852933,24.000000,24.572112,26.000000,32.268198,
36.067781,37.080653,40.170708,44.000000,46.479907,230.320884,
21.000000,23.654638,24.000000,25.800622,28.541891,58.269184,
66.000000,79.000000,81.064487,114.037002,147.622203,1123.674150,
5.604136,11.000000,16.000000,40.519724,62.000000,92.022856,
11.000000,11.327704,12.000000,12.164183,14.595782,30.752334,
14.376628,17.207059,18.872257,19.219533,23.223602,28.767863,
12.000000,15.000000,16.732745,20.393033,47.020854,74.503116,
83.000000,88.105016,92.465974,97.447891,108.458997,233.445876,
6.672719,8.000000,8.295008,9.292607,9.455724,35.148727,
21.738962,23.000000,28.445730,34.112865,40.730670,148.160898,
12.000000,20.279437,22.000000,26.000000,30.108235,35.058473,
17.882516,21.113377,27.000000,29.398697,30.000000,119.682004,
12.000000,12.702207,13.000000,13.000000,23.966432,28.000000,
35.062125,36.121431,36.562131,40.896788,51.819641,116.860639,
4.801257,5.201035,9.589556,10.000000,10.381874,11.438286,
45.230666,58.619437,60.189729,67.756609,242.819820,482.267760,
16.428556,19.207022,25.000000,26.000000,26.943917,121.738119,
9.846421,12.847134,13.000000,14.000000,23.318663,39.758615,
3.797857,4.093772,4.935106,5.195941,8.000000,19.489950,
15.266123,17.000000,25.000000,47.417619,47.757620,75.307178,
13.000000,14.912852,16.015465,28.768869,36.125850,40.090844,
40.864316,40.885210,42.031868,45.534524,53.364449,236.567610,
5.000000,5.377716,7.891121,18.209406,45.000000,77.591922,
8.875003,9.916669,10.000000,12.000000,28.287993,43.884639,
6.867517,6.887217,7.269840,11.686486,15.244091,30.399995,
19.735479,19.757467,20.299350,21.990962,29.454706,114.081696,
21.028660,23.174792,24.803435,27.857587,31.538949,171.964886,
1.958783,2.330683,3.752644,10.191605,33.000000,36.277974,
10.833373,12.000000,12.340028,20.333014,23.459953,192.627754,
1.546987,1.828257,2.109527,2.672068,8.059379,8.277152,
22.848752,22.957058,37.612390,63.422396,90.774036,102.197357,
12.538326,13.234900,29.256095,35.672660,62.674311,269.935154,
12.150996,15.000000,26.860096,42.540211,75.000000,282.783459,
17.418607,18.000000,18.000000,18.000000,23.354652,155.857757,
14.000000,18.610458,24.000000,28.832540,36.315001,49.178604,
9.000000,10.000000,14.719912,15.039910,24.000000,63.330335,
26.851142,26.898679,27.618318,29.919844,35.832921,179.074558,
3.000000,4.000000,6.390414,6.650010,10.688288,18.539467,
32.597174,33.028797,37.770901,43.535417,49.183995,296.197951,
20.833955,22.924338,35.131245,44.767339,111.615007,197.637260,
22.502506,36.000000,73.312669,114.017505,164.872025,202.390643,
6.118486,8.076806,8.445503,16.463831,29.348128,48.525719,
13.272441,14.442415,19.611687,31.300744,66.636626,159.585660,
9.000000,9.853493,10.319013,12.000000,12.115749,44.575764,
14.356702,16.282978,17.693658,18.522980,37.191148,55.331569,
29.374218,29.729582,37.000000,42.052444,75.107665,84.064992,
22.577689,25.000000,30.891144,37.736430,41.288607,50.382497,
24.000000,24.698130,29.091987,35.000000,83.000000,245.997865,
9.936868,13.353727,15.642938,16.000000,24.010050,45.746696,
39.531836,43.424362,45.121994,58.658592,73.422376,647.081327,
9.939579,9.949205,10.321871,14.071156,19.114575,67.814400,
7.000000,8.935488,9.287386,13.000000,21.809845,32.226151,
17.344799,20.902908,25.375470,54.799515,56.530646,359.639247,
8.850580,15.567208,16.042649,18.000000,52.403026,64.164094,
8.363253,9.000000,13.000570,13.712472,16.751575,17.864065,
9.955382,12.816245,13.000000,13.699837,29.279044,41.199665,
36.641756,40.238756,61.000000,84.000000,90.693624,568.348220,
26.803429,26.904183,32.000000,48.195717,49.286797,215.103658,
4.364504,4.500184,7.149764,8.947639,9.597394,40.518439,
39.578662,42.962773,44.577135,51.972747,260.192473,360.205937,
6.000000,16.000000,17.599953,24.224856,27.687973,54.000000,
11.689851,15.005420,16.456202,20.000000,39.000000,92.312355,
19.756709,20.792760,21.858487,26.902753,29.726783,195.109878,
4.000000,4.957231,5.000000,12.000000,16.739114,21.828995,
3.229735,3.229735,3.857854,5.000000,7.894907,67.269145,
19.033096,24.026948,25.453134,53.880931,111.282365,157.631196,
62.413213,69.447657,89.206267,128.121882,133.257988,546.277409,
13.515327,13.564646,18.333617,33.387234,47.090408,79.781778,
17.000000,17.942448,22.582442,35.573367,36.000000,83.303498,
10.170679,11.000000,11.148669,16.000000,16.833055,135.372451,
8.599069,10.505015,10.930829,10.957961,12.199433,54.840342,
14.000000,16.000000,24.000000,45.930961,46.733876,58.795504,
46.173204,53.211338,81.192231,88.871005,132.614278,748.427494,
15.917480,19.159470,23.256290,50.228880,51.783219,340.630645,
47.000000,48.025389,49.888646,64.855240,154.825468,806.835634,
10.000000,10.019435,11.677841,16.347499,18.563999,33.679739,
2.244614,2.537856,3.000000,3.945919,12.000000,22.000000,
23.118417,28.000000,28.481982,31.835197,36.883548,232.199780,
19.280747,19.386808,26.000000,29.865298,48.503655,222.929999,
28.000000,29.501751,34.205092,69.000000,85.536839,200.340995,
25.418604,26.019302,31.000000,33.000000,74.429591,139.366887,
12.513088,17.875839,21.000000,27.171348,59.304783,95.286252,
10.169018,11.000000,12.000000,14.931677,19.421472,30.551633,
16.153078,16.422962,18.172213,23.930464,32.404239,176.084548,
23.945214,24.000000,26.000000,35.000000,35.004154,52.853310,
21.299239,26.000000,28.000000,29.119366,32.449654,338.812567,
11.775209,13.147826,31.000000,36.968679,72.999791,152.756144,
11.000000,12.136806,13.000000,15.000000,21.000000,23.309704,
8.000000,9.063974,9.086127,19.156157,22.387431,63.575437,
26.232181,26.238127,28.895565,46.251261,99.856643,250.129993,
19.581272,20.729515,28.220715,43.503032,62.188544,1043.705055,
12.000000,13.000000,13.703973,16.747035,20.927541,101.682111,
10.000000,11.000000,12.000000,13.000000,20.000000,57.697967,
4.484183,4.800838,6.433828,7.247214,9.703523,44.584170,
6.370422,7.784662,8.107772,19.255958,31.417616,64.412839,
37.000000,47.145410,50.409523,86.354381,91.331054,530.088674,
28.769224,29.158357,31.805742,47.787307,52.296376,1239.623466,
20.396250,21.510559,22.566064,27.773617,30.689063,202.074437,
12.000000,15.000000,17.706683,23.510878,27.510878,93.644928,
17.538828,25.333862,30.205759,49.273978,159.823828,506.080150,
6.331994,6.754722,9.000000,18.429462,30.000000,52.441105,
6.226872,13.000000,13.000000,13.667617,15.431871,46.000000,
18.925174,21.385103,27.862061,29.078619,47.173848,174.541409,
6.972852,9.611533,9.961217,12.938696,12.949581,80.830698,
14.000000,14.000000,17.225916,23.626698,28.000000,123.344241,
12.000000,14.000000,22.835947,23.000000,40.106316,41.432086,
8.167102,9.495058,11.881377,13.000000,21.909183,56.492085,
18.197078,28.275732,30.000000,39.736977,60.000000,683.765402,
39.222800,39.662474,40.343452,43.705406,172.775052,298.243467,
3.149866,3.531475,3.977936,4.225430,17.614608,25.374096,
21.742712,28.295763,31.517684,32.014179,39.992888,199.598805,
23.724419,25.206496,26.000000,28.621406,30.231910,160.857359,
3.000000,3.261988,8.000000,19.050371,24.000000,61.259201,
5.000000,6.000000,7.120831,8.079341,9.000000,80.984452,
11.316470,14.084306,15.913786,19.433095,27.507496,114.593707,
12.882569,13.598267,30.059327,36.652060,64.395046,273.599332,
81.973623,82.665900,85.381544,102.003488,124.666353,373.126831,
15.568357,16.878848,17.392531,20.000000,61.069728,78.525462,
11.353677,12.795414,13.997450,21.474327,28.848640,79.642783,
34.000000,35.000000,36.620678,60.000000,72.000000,104.000000,
4.044036,4.044036,5.210085,6.431816,6.740060,17.268478,
10.000000,10.000000,10.103059,11.000000,16.021929,27.560924,
25.415225,26.389767,32.209956,37.127897,97.496928,196.831735,
10.064058,11.035409,11.741401,21.000000,21.731410,251.563222,
109.495570,125.028461,142.944725,183.112083,195.258385,764.923881,
12.501517,13.042967,13.405272,13.520254,14.376464,21.934797,
34.260987,35.403158,43.489905,53.343056,59.542082,111.174639,
6.845972,7.416469,10.000000,14.547690,23.000000,42.144167,
24.825228,28.862648,30.000000,32.081580,43.324563,49.157992,
18.000000,22.000000,23.000000,25.000000,53.344944,68.236751,
6.469105,6.558700,12.570841,12.844120,21.000000,50.218364,
7.480898,8.259534,17.000000,25.000000,111.449349,118.464357,
28.328046,29.000000,33.000000,43.839992,44.905637,335.651787,
7.272094,10.359427,12.000000,12.106801,78.181477,110.595381,
3.734233,4.000000,4.021482,4.275699,5.575063,19.584475,
7.920712,11.315303,12.164907,13.578363,32.904640,108.465591,
16.297532,20.434060,22.918404,34.328565,116.007322,200.153629,
27.538949,30.043117,37.650595,43.000000,56.520982,161.652331,
13.942119,14.251051,14.897658,15.159696,18.134533,29.241013,
7.632592,8.480657,11.024855,11.448887,15.637412,36.533033,
30.598974,33.374971,48.495295,67.870178,139.942017,250.254179,
13.000000,27.000000,35.000000,42.442600,69.000000,240.242206,
30.648642,31.329358,39.843234,60.717446,83.000000,485.409535,
25.747736,26.000000,30.372553,40.515500,54.520410,64.000000,
13.000000,13.391973,14.000000,20.000000,26.000000,103.955020,
8.236019,8.709690,10.000000,11.000000,41.153785,77.120278,
5.991822,6.242018,6.928044,9.186335,10.138943,21.158622,
24.837601,27.000000,27.094857,36.000000,40.684924,88.000000,
12.000000,12.319552,13.719643,17.858426,19.599490,65.891095,
17.354444,20.116200,22.000000,23.570898,30.000000,41.513500,
20.629114,21.716136,23.555892,26.580058,30.302492,44.417062,
8.801418,9.133547,21.778055,27.898849,28.477960,38.770643,
74.393397,106.370438,106.557638,158.781101,207.000000,879.603983,
154.315814,155.199631,160.000000,321.789672,341.387853,713.726662,
12.000000,12.232854,19.044036,25.635177,25.963137,312.148855,
13.448088,15.000000,29.646922,33.000000,61.786333,107.742762,
19.909791,33.282190,34.554786,45.408295,58.681488,103.219251,
16.000000,16.000000,19.923224,21.000000,32.080229,43.281754,
23.483950,25.103533,29.503220,30.778553,56.397274,482.227952,
14.172066,15.364540,18.349755,35.850593,51.511536,144.697545,
20.528545,34.720658,49.708234,54.258586,65.390573,149.559440,
2.395180,2.784344,3.000000,4.091519,6.152252,17.000000,
31.557831,31.575119,32.459483,35.164440,41.313904,193.096969,
15.000000,16.000000,17.000000,34.040776,45.383503,194.706577,
15.000000,16.000000,18.000000,18.369736,71.378089,161.316423,
10.000000,11.948190,12.000000,12.722049,15.271978,17.795152,
3.188017,3.390001,3.721185,6.701419,11.159861,18.592983,
20.000000,21.000000,24.000000,27.000000,33.163323,67.277302,
22.071571,23.519467,23.553883,23.568830,25.000000,69.546552,
8.235145,8.386181,8.535017,13.208583,15.000000,40.308473,
14.125415,16.000000,17.240417,35.000000,41.000000,81.889105,
12.005701,12.113587,12.312709,13.124289,19.000000,90.224352,
10.522961,12.000000,16.000000,28.000000,52.412144,65.590282,
15.000000,18.000000,22.000000,25.000000,27.895371,84.545646,
51.000000,57.000000,71.000000,119.446813,169.446805,636.987601,
6.310413,7.097443,7.266536,7.659430,7.840210,15.674084,
20.543247,21.000000,22.000000,22.000000,24.000000,139.569519,
21.000000,25.000000,28.000000,64.000000,78.000000,118.570937,
21.177286,22.414091,30.458695,47.043623,67.242273,1161.605883,
67.787472,72.996893,105.813748,112.364641,156.312278,380.847329,
14.794447,15.002353,15.514671,30.000000,82.061571,100.575033,
25.105478,27.258466,33.313112,35.111655,38.189888,238.769513,
14.032582,15.000000,17.412554,19.496523,24.422892,35.139490,
8.429869,8.652388,9.113372,11.021482,18.736566,33.236664,
58.696361,60.085825,60.707903,64.270535,101.000000,311.787202,
4.675956,5.778834,6.000000,6.000000,7.013934,30.645560,
28.940301,36.579905,43.078224,62.079067,67.106628,219.222023,
11.000000,12.138211,14.072303,15.000000,22.835664,22.861059,
27.320080,28.606341,33.272798,34.978934,46.471838,665.178835,
16.000000,26.126092,27.000000,56.999493,78.251171,122.000000,
16.000000,17.000000,17.000000,22.000000,27.000000,98.638384,
6.468094,7.958286,8.000000,12.000000,15.000000,43.717949,
13.000000,14.793707,15.000000,15.486089,41.094174,77.974907,
13.990634,15.367693,18.450096,19.508475,77.894795,89.227673,
46.000000,47.493851,76.000000,77.011956,89.147300,116.218219,
25.622685,26.000000,29.004607,39.424275,44.534062,452.948800,
55.685542,61.577831,80.000000,109.634137,122.737978,984.001995,
6.350511,6.606207,20.216055,24.891642,36.701038,56.000000,
24.000000,30.361474,38.000000,46.874902,67.017808,1206.934100,
7.167689,10.000000,10.811640,18.478080,20.216298,40.214976,
1.792248,1.910046,2.019759,2.474445,2.840882,3.851633,
7.577770,7.877631,10.240921,12.000000,34.000000,76.507787,
17.565228,20.000000,27.361718,36.471765,70.060005,590.552475,
50.030278,55.277988,57.568707,74.839319,93.509754,870.315277,
16.000000,18.000000,21.730752,27.244978,59.000000,143.842199,
8.089520,9.096488,14.655452,20.642988,25.535531,25.881708,
7.617335,8.038231,13.108902,14.675538,22.074388,25.734135,
6.415804,8.188417,10.332078,12.248353,13.123235,56.871028,
14.720608,17.000000,25.853601,29.000000,33.941862,71.043598,
13.659188,19.034623,27.559067,31.472228,39.220471,134.653141,
36.857615,84.980449,131.000000,153.027316,157.121387,173.314726,
3.399248,3.795129,12.054939,13.154029,16.909504,50.000000,
10.000000,11.000000,12.000000,12.070440,24.000000,417.897765,
15.000000,15.296165,22.000000,23.000000,32.000000,83.413014,
23.356363,34.000000,42.000000,43.000000,56.000000,76.095214,
31.385589,31.922952,34.411680,75.294160,93.024483,251.799247,
29.000000,34.000000,36.000000,39.708731,43.409614,49.830529,
21.916673,24.356136,24.543565,26.000000,54.017394,111.627110,
14.840065,18.000000,23.852764,29.000000,40.697838,58.474876,
4.690156,5.295707,5.920092,6.800726,7.339110,16.644053,
18.000000,26.000000,29.268807,32.596644,45.536299,81.736041,
8.520981,8.794945,8.936555,9.180873,13.000000,60.446081,
11.557669,16.559560,17.131408,17.992538,19.232402,31.000000,
10.840403,11.791475,16.850542,18.321025,76.000000,109.555253,
18.000000,19.000000,20.000000,22.262474,45.755796,96.796319,
10.167121,11.000000,17.607880,21.291029,33.000000,84.746431,
2.028519,2.185976,2.218130,3.000000,15.000000,67.909532,
32.052952,36.000000,53.824377,59.000000,70.665966,1362.102956,
15.000000,22.000000,23.000000,29.000000,56.255253,62.587092,
8.193649,9.520897,11.095945,12.705362,56.268581,337.030591,
10.105427,13.000000,14.847631,18.099803,20.000000,157.132531,
13.000000,18.000000,26.000000,28.210589,55.210589,269.087601,
9.754736,10.372134,11.000000,13.470826,16.838220,110.215900,
4.142391,4.682125,4.857185,4.988969,5.337489,5.432187,
27.067954,32.649773,39.611643,85.595352,88.275181,585.895817,
8.924821,11.569375,16.941829,17.485088,20.000000,47.766159,
3.489968,3.940540,5.390430,6.545372,6.812189,14.472177,
9.708809,13.466278,15.480709,16.461526,18.069725,99.098627,
6.324896,6.974219,12.080714,16.000000,21.000000,21.068413,
21.000000,24.000000,29.424400,35.820217,39.908793,698.697165,
3.862716,4.000000,5.000000,9.000000,12.559938,16.335649,
23.000000,23.683750,36.289410,44.245518,65.748134,272.383663,
18.443746,22.000000,22.333003,26.000000,32.273951,143.081911,
26.474374,26.921749,32.949629,61.535430,102.768170,115.581089,
16.000000,17.101481,19.255103,22.590925,57.948203,82.724361,
9.000000,9.034448,11.000000,12.223546,18.019160,28.372410,
11.969386,13.000000,16.247438,18.000000,24.492347,171.184918,
16.000000,21.000000,24.000000,26.000000,55.326635,62.421113,
20.129534,27.091539,28.465765,33.677984,59.989099,107.685119,
24.707349,32.079867,34.670158,38.037556,51.995246,118.730038,
22.099315,23.490101,31.783800,49.043385,70.470304,1193.561403,
11.567241,11.944127,13.016652,15.603841,26.000000,46.804327,
7.588963,9.251015,10.785652,15.012025,15.264918,29.420256,
9.029258,10.000000,11.000000,11.000000,18.517894,115.617823,
35.000000,41.103261,44.000000,45.549574,46.133631,181.871540,
25.197534,27.497372,37.621548,41.654027,53.194193,273.455542,
14.000000,16.000000,17.030244,18.000000,18.840226,21.625604,
27.000000,45.000000,95.000000,166.341488,281.000000,387.000000,
23.132682,23.882696,27.736637,30.405820,33.000000,61.826505,
12.395614,12.471933,13.460980,14.000000,14.000000,18.020199,
27.000000,31.000000,42.625247,51.377858,58.909429,59.000000,
7.910162,12.000000,12.057390,23.823956,31.214631,38.000000,
17.000000,30.624999,49.972214,54.142374,57.000000,65.980886,
10.461410,13.000000,15.639145,17.085345,21.356682,33.333417,
12.468470,14.361002,18.669303,22.000000,24.421016,158.993365,
7.065135,8.514393,8.562730,10.557392,14.130270,15.299714,
12.688605,13.000000,13.146174,14.775570,15.933098,16.219164,
4.231741,5.258334,5.627895,5.965684,6.795003,14.012329,
19.137877,20.000000,21.181689,29.000000,42.258775,48.997484,
15.887125,16.364959,17.000000,27.645515,43.745283,74.192975,
8.906593,9.382936,11.001957,16.156474,22.840420,29.183496,
7.924058,10.084477,14.189577,23.950632,39.077347,81.484170,
18.690643,20.000000,28.000000,63.545581,67.664805,167.167807,
1.028672,1.038009,1.211994,1.396042,1.926312,4.597321,
13.799466,22.000000,24.000000,24.738048,29.720099,177.458528,
23.340982,25.573630,30.000000,37.779470,121.925565,126.779420,
20.147418,26.497437,34.283248,38.953683,39.577269,85.935279,
14.213011,15.985256,19.391011,41.187252,41.907292,280.122552,
19.861889,25.075627,28.900961,44.000000,67.512327,191.000000,
24.929985,26.406369,37.618630,55.824172,154.184853,207.027699,
10.429904,12.054202,14.964644,23.580652,43.334713,70.673866,
12.256704,13.540788,15.070668,22.343570,23.895746,24.674641,
17.564822,20.887896,46.048317,46.253674,51.036536,279.192591,
19.783278,21.198848,22.978235,44.247303,45.090875,134.055152,
9.231129,11.385059,12.375433,22.190237,24.980701,48.179727,
8.579175,10.000000,11.500726,14.768955,31.867732,38.180892,
30.120128,32.000000,50.000000,74.931499,87.000000,116.115655,
5.593653,5.948461,6.385980,6.609228,10.000000,24.528643,
6.688428,10.032643,11.028342,13.934226,19.011005,52.368473,
11.521610,11.862072,15.000000,20.660931,28.296096,38.739043,
12.596289,13.122196,22.000000,29.833317,48.000000,122.382925,
28.953839,31.043435,37.675298,81.384141,87.047355,576.046637,
10.000000,10.177633,10.426415,11.000000,18.839553,171.636948,
8.039451,15.365423,17.335772,23.247871,36.039451,60.035186,
7.000000,7.593360,9.119647,11.116712,14.438153,16.000000,
39.149053,44.383287,61.724337,68.035925,76.759093,700.183585,
22.873627,24.451118,29.510758,30.442900,54.720637,480.581379,
18.000000,18.000000,18.000000,20.788345,59.659221,135.893633,
7.805338,8.016977,11.769290,29.000000,29.060923,29.181888,
2.098973,2.399121,3.986419,9.620855,9.703638,20.027817,
15.588644,15.672874,16.801900,18.740581,30.000000,263.173155,
2.737502,3.122836,4.743335,7.770082,10.701145,35.387122,
11.000000,13.824434,13.975761,16.541222,20.000000,56.223915,
7.156604,7.922131,10.000000,12.213455,15.731405,40.888559,
45.153124,46.899694,53.814260,60.302525,93.483673,273.595655,
6.954088,9.153005,13.069404,18.000000,29.058439,38.884730,
5.334225,6.350496,8.102478,10.149351,13.220750,16.000000,
17.637898,19.888755,28.999151,29.313750,38.053862,72.708430,
48.870243,55.140510,56.164643,73.014036,91.537896,867.591641,
18.519548,27.264890,29.028771,46.529225,52.203080,186.817183,
10.031371,11.000000,13.000000,13.313221,16.653494,24.304573,
17.000000,19.135892,20.242154,37.167409,49.000000,110.649358,
21.000000,22.000000,22.000000,28.000000,61.822086,81.920128,
6.305573,7.496526,7.712644,10.809554,16.654772,343.910033,
18.557873,23.000000,25.178260,38.754840,55.673619,955.480197,
18.000000,19.000000,26.860096,42.502535,47.964458,220.249305,
11.124589,12.000000,16.503137,22.300319,36.027620,36.378631,
5.617127,5.929468,6.670338,15.054851,30.513765,36.757161,
4.528079,6.642404,7.000000,7.358031,7.637817,8.156885,
20.852549,27.515723,27.884222,38.277603,165.031190,189.690088,
13.000000,15.000000,18.000000,32.268198,45.426582,53.270313,
30.326170,34.052840,38.279171,47.240531,105.098928,111.932234,
22.000000,25.772698,26.843486,37.666056,43.441195,57.976502,
5.766356,6.314239,7.071535,15.446365,19.394683,30.294329,
5.843213,8.844105,12.738484,13.000000,13.954258,40.000000,
7.576368,9.009734,9.218083,15.513364,21.862369,103.703624,
43.297514,54.287111,74.029179,88.067522,120.581247,642.528392,
9.966652,10.047811,14.299979,16.230450,17.000000,104.749026,
23.458500,24.737179,27.787853,33.940223,81.911600,101.046482,
7.326915,8.002103,8.459403,10.351081,15.508906,25.253778,
12.000000,19.454196,22.948792,31.753183,60.000000,71.679838,
17.889288,18.525223,18.915326,20.709437,35.341793,144.292794,
23.574526,28.000000,28.554666,31.711302,96.082853,119.680699,
24.216032,25.133454,36.000000,41.762355,60.748193,110.504808,
11.252522,12.369311,15.000000,17.593419,31.582863,40.204399,
10.115991,11.061078,14.512183,17.000000,24.493452,63.655428,
22.000000,22.753057,27.000000,36.397038,37.000000,129.558171,
4.689785,5.566484,6.523973,9.000000,22.273511,24.514558,
20.271913,23.220361,28.412344,46.613562,71.737175,115.682755,
1.708751,2.131086,2.999691,3.502788,4.121046,23.306236,
7.000000,9.407878,9.863533,10.000000,20.975223,24.671485,
7.497254,7.840548,8.616368,8.861820,26.665025,55.092436,
7.120062,8.000000,9.000000,11.019144,40.817942,51.432777,
13.200329,18.141361,21.000000,45.000000,86.000000,144.034861,
14.545516,15.000000,17.000000,21.000000,29.000000,62.259846,
16.000000,16.000000,21.501596,22.000000,29.000000,81.887893,
3.000000,3.533745,5.157891,8.000000,14.092835,14.459414,
16.164202,16.656504,18.000000,18.558898,24.644100,163.330480,
23.416844,25.031798,30.289969,30.829350,56.052069,484.983023,
34.000000,38.000000,40.668207,56.457581,75.000000,103.000000,
6.000000,11.282116,13.565443,16.000000,29.000000,45.281129,
20.619627,21.804361,24.520637,54.056860,55.001694,369.131800,
16.000000,16.135221,19.000000,20.428188,55.333735,83.000000,
14.000000,17.000000,22.280728,28.090933,30.228847,117.690207,
12.000000,13.152685,14.000000,20.285664,30.549756,36.833584,
10.789760,11.093108,11.300600,12.183256,20.186215,176.135189,
3.028689,3.706406,4.353364,5.575978,11.733118,18.066837,
20.114915,24.000000,28.286599,31.000000,48.778078,223.984625,
3.718722,4.299772,4.769213,4.934572,8.050788,13.189668,
14.007141,14.043838,15.134301,16.227289,18.000000,30.240095,
30.258263,34.653347,48.922967,52.595589,59.698453,560.080169,
6.714112,7.514656,8.767098,14.428590,22.182120,60.741581,
21.062437,27.969727,29.696173,31.593655,109.133092,166.535848,
13.000000,15.995223,17.983533,20.622239,29.675194,72.701181,
12.000000,15.000000,15.000000,29.957457,30.245169,70.653651,
5.158006,6.769883,7.737010,8.381760,16.441145,30.780794,
14.000000,14.049411,17.301458,24.402610,32.141459,94.000000,
41.061168,46.069127,48.272116,61.453750,77.654810,748.968161,
16.364324,17.000000,17.963731,18.542047,19.589165,109.919379,
25.811452,30.664589,37.199200,80.390951,94.246038,578.253741,
11.000000,13.856173,16.031022,17.176208,23.367404,112.932091,
13.000000,13.000000,15.928523,16.000000,63.447765,80.298911,
14.952248,15.733736,15.735214,22.658192,34.935345,772.573562,
12.389382,14.946102,22.882419,31.268441,69.148705,100.432872,
5.000000,5.383346,5.559722,8.000000,23.280890,43.379696,
26.547771,26.592672,29.534632,31.000000,45.963063,274.791505,
25.354275,25.990525,38.991661,88.000000,166.126971,234.002951,
9.000000,10.000000,12.197299,16.098424,28.601104,31.219321,
7.390304,7.414759,9.000000,11.000000,11.444050,27.599592,
25.445248,27.000000,40.334817,41.504770,42.803702,303.522860,
15.722391,20.000000,27.000000,37.782063,56.360493,63.841417,
30.401315,33.488592,49.824377,62.377924,73.927993,1407.140600,
10.257780,11.567228,17.107697,18.000000,18.789278,50.537777,
12.000000,12.122870,14.000000,16.737748,46.893978,49.554523,
11.511019,13.000000,14.027591,17.017429,20.000000,34.448046,
22.816970,26.686243,32.734991,69.961230,72.920004,504.499705,
1.817574,1.889290,2.000000,2.318974,6.406349,12.188025,
18.734195,19.000000,19.000000,19.074457,21.290384,73.778979,
8.456918,9.318518,10.000000,13.000000,35.180779,52.501638,
62.265890,64.562948,69.000000,83.931832,105.268032,986.915379,
9.883420,12.628814,12.712029,18.119603,20.283571,120.346143,
2.678077,3.221499,3.252186,3.326625,3.584708,4.380528,
2.540441,2.715644,2.715644,2.803245,3.766861,7.070590,
2.443015,2.465442,2.762382,3.893555,4.779859,8.001801,
13.000000,15.000000,15.000000,26.311202,55.798205,66.394507,
18.000000,19.000000,36.234882,37.000000,41.000000,70.714212,
15.329334,15.344902,16.386024,25.000000,33.822242,148.394207,
12.703870,14.437759,14.574819,21.000000,26.975689,44.085199,
1.000000,1.000000,1.115401,3.000000,4.359427,27.112791,
10.721086,13.000000,13.002481,15.091048,20.106403,28.718300,
13.000000,13.000000,14.272381,30.998014,38.256349,45.740189,
35.000000,37.000000,39.968368,47.000000,51.000000,233.983087,
21.623458,22.786002,23.923826,29.444708,32.179665,217.828141,
68.197816,79.564586,130.000000,131.262463,195.944741,1107.672054,
3.748780,4.024431,4.498537,10.126893,17.437071,44.196000,
22.000000,30.000000,31.561733,32.000000,87.541698,115.109455,
14.000000,15.041239,15.623373,25.209964,29.941202,44.460533,
5.256921,5.256921,5.993201,6.865652,20.713613,21.329389,
13.064068,13.330154,14.000000,21.775446,22.539400,52.158085,
32.430214,37.130385,45.000000,71.756853,160.064361,161.423190,
19.000000,24.000000,34.664963,36.000000,39.000000,301.922211,
15.001031,17.326109,20.000000,34.597211,45.325762,56.787271,
7.376046,13.272123,15.831302,16.000000,19.146348,63.209200,
22.000000,23.000000,24.117876,31.665555,49.157312,92.373368,
6.907501,9.008859,9.145005,9.699066,10.740064,12.866091,
2.000000,2.000000,4.881673,8.034354,16.186950,91.125793,
3.556139,4.024277,4.724151,5.000000,8.888490,21.157558,
15.978329,17.430905,18.404062,19.000000,29.910984,213.699620,
34.000000,41.881161,42.196194,44.675393,60.000000,85.462743,
17.000000,20.000000,21.000000,32.572015,67.494571,98.553724,
17.000000,18.898578,33.055381,43.102019,55.701071,92.677032,
16.000000,17.096590,35.000000,45.983189,58.581710,249.000000,
4.903258,10.000000,11.000000,11.367750,15.559909,79.905047,
6.000000,10.000000,10.860362,16.707450,19.327276,24.750922,
21.430442,25.159979,29.120595,44.974001,64.291326,1118.513808,
18.952352,20.581415,20.640944,30.430711,92.351024,100.385237,
67.382913,85.213610,101.561720,130.742285,165.244354,852.263112,
18.000000,34.093878,46.017196,47.803445,82.000000,106.751027,
3.000000,3.090932,3.141794,5.000000,42.298642,122.052121,
16.000000,20.000000,26.374433,35.000000,35.000000,187.066441,
9.638064,10.000000,10.938816,24.008047,31.581355,72.595784,
27.441009,30.018917,39.149694,47.062661,78.208287,132.261860,
14.672769,16.206979,20.088415,30.792325,44.018307,747.928208,
9.849676,10.961548,11.656503,18.683307,19.923097,46.733490,
26.395680,33.000000,34.362305,36.000000,46.145902,121.963020,
3.000000,3.766451,6.388896,9.243499,11.870879,12.000000,
6.000000,6.715068,7.000000,10.000000,12.000000,34.073576,
9.244500,10.024504,11.000000,16.927567,18.410989,66.695333,
25.078756,29.000000,29.549344,30.863703,31.451406,169.593016,
11.406413,12.200668,13.687696,14.000000,33.166234,116.220799,
9.698275,10.583061,13.000000,38.000000,71.000000,108.485444,
10.000000,12.000000,12.146646,16.594465,21.079302,35.484357,
53.114324,56.686456,57.000000,138.499780,228.151498,906.640233,
15.464736,15.617740,24.141878,24.831812,36.654063,46.000000,
28.299117,34.900453,42.550916,54.164896,75.097949,148.985502,
20.000000,22.106775,24.856507,68.000000,72.698461,87.278896,
6.302679,7.127367,11.692724,11.840363,19.028476,30.916834,
2.684334,3.000000,3.023696,8.637106,13.352894,18.589342,
12.000000,12.137645,12.385171,12.603266,12.867909,23.333938,
7.428697,7.941606,10.136609,10.324087,13.000000,67.232241,
12.000000,14.586705,18.000000,22.455396,32.100484,547.095898,
20.235068,24.042826,26.612720,41.100826,60.705205,1004.759152,
12.099520,12.775124,12.859930,14.000000,73.760433,151.032654,
2.000000,3.585556,4.487582,6.000000,6.419560,7.205008,
11.000000,21.974472,47.771086,52.663328,75.000000,119.776713,
29.642311,32.227142,34.063349,56.000000,95.395834,98.759752,
16.357994,18.941532,23.904878,28.000000,52.000000,164.495338,
13.814156,31.651045,32.868165,37.884606,49.249988,416.962256,
8.291329,10.849300,12.275113,13.336214,14.325378,82.846160,
14.626604,24.000000,28.434460,70.880648,77.512945,95.525632,
25.000000,26.000000,36.379870,60.000000,117.887055,173.858162,
29.000000,37.000000,44.721250,85.135695,97.000000,592.391717,
11.000000,13.493738,16.743112,26.881941,40.499629,126.745234,
19.649025,23.779222,24.000000,24.213784,43.998719,394.038492,
5.000000,10.481162,12.000000,15.677810,17.000000,25.323018,
49.887201,55.166645,57.459352,74.697158,93.323702,828.627927,
10.336680,10.336680,20.673361,32.000000,33.677207,116.344622,
9.000000,10.886786,11.457791,13.000000,25.000000,54.237615,
1.074758,1.141930,1.834478,2.149516,2.955584,11.016268,
15.000000,16.893724,33.980368,35.850982,44.511624,77.729945,
9.823096,9.937672,13.649449,19.961650,30.000000,95.534458,
17.000000,19.000000,20.704262,22.383095,25.175853,98.310790,
23.000000,35.000000,43.259022,44.000000,89.000000,89.363485,
24.804457,27.787707,32.624448,46.715060,101.979141,147.840250,
17.000000,17.000000,33.558329,34.245809,34.658822,40.000000,
13.010674,13.936029,15.954755,16.000000,18.751857,101.484457,
11.000000,12.000000,12.000000,22.073781,22.980538,32.437839,
9.809614,10.198219,10.771733,13.546610,17.127905,108.874746,
7.908163,9.037900,9.791059,11.000000,19.205538,45.916693,
20.000000,27.000000,28.388251,56.689379,140.671528,283.436292,
4.000000,6.000000,7.145518,7.225423,7.477473,25.694848,
18.000000,19.280002,19.460627,21.385477,37.920891,85.397685,
15.540624,21.000000,26.082915,41.109984,42.715029,44.962592,
2.614296,2.925023,3.677780,4.348060,5.099878,8.425967,
13.000000,13.477388,24.000000,31.935118,36.194473,47.692987,
30.869055,34.369984,50.590951,56.324232,75.613620,1422.655009,
33.000000,38.000000,41.000000,68.198442,129.713031,151.000000,
4.488408,6.404940,6.450924,9.000000,10.539920,84.429057,
9.000000,9.300264,9.402116,11.522699,14.827013,36.948482,
7.760681,11.086687,11.919126,13.304024,32.239832,103.839546,
7.751674,9.000000,12.000000,21.000000,64.784355,125.000000,
11.032783,13.000000,14.000000,15.728315,16.819018,42.135207,
5.129635,5.207896,5.613179,17.611022,21.000000,22.523029,
36.000000,41.100924,42.000000,42.896675,56.132576,77.000000,
69.354018,85.171913,105.519503,129.345245,165.048312,841.068338,
3.855224,3.855224,4.162451,4.819030,8.484996,29.547486,
8.376419,8.565704,12.018340,28.940422,31.177511,69.882468,
10.966306,15.408535,16.000000,20.159159,45.066988,76.056513,
5.139560,5.461891,5.605251,5.744457,6.827364,15.186875,
1.299129,1.777756,2.329902,3.087119,4.787171,10.187078,
2.829333,2.829333,3.378643,12.000000,20.918459,28.073327,
3.432718,3.641735,3.731215,4.772378,6.566939,8.447141,
25.000000,29.314907,31.000000,43.000000,74.000000,391.055205,
3.959659,4.248467,4.962816,11.000000,11.419791,31.001155,
45.051097,46.291305,53.000000,53.073572,55.175234,317.342482,
22.824457,23.449085,31.881476,37.455519,50.657395,266.894114,
8.000000,8.000000,8.104514,18.229953,23.472255,39.334903,
5.217514,5.500142,6.651545,7.268039,10.026507,10.131403,
10.304964,11.000000,11.738533,11.953539,29.943931,75.044634,
21.017614,24.778705,32.045169,39.622819,99.909449,129.580411,
10.000000,12.000000,14.000000,16.606695,17.000000,22.385631,
34.538943,46.940667,66.546851,71.897434,91.667152,429.143103,
7.000000,7.000000,8.269789,10.000000,23.205645,35.605285,
32.052952,36.000000,52.531227,58.445521,78.469217,1473.890240,
21.791048,22.628985,30.714335,52.764521,56.538560,127.829777,
14.000000,16.000000,17.000000,17.372822,20.000000,52.302465,
11.767664,11.920874,14.793598,17.337802,28.347834,80.094737,
15.000000,15.000000,15.880254,29.359084,44.904796,58.304065,
24.000000,25.582579,36.638362,47.000000,66.000000,651.445466,
21.281124,21.696275,24.047357,24.647281,29.666773,167.802340,
13.157299,17.861475,30.221486,33.000000,38.000000,51.168443,
7.456648,7.994930,8.333901,17.983681,23.247197,69.610460,
13.000000,16.271663,18.000000,19.516507,34.850905,159.443036,
15.000000,16.000000,17.000000,32.011617,39.000000,70.696859,
8.000000,9.000000,9.020264,11.061294,12.000000,120.000000,
21.000000,28.242120,30.510074,46.000000,70.613154,192.280730,
9.272013,11.109698,15.010646,16.145449,36.576635,46.774895,
21.000000,34.000000,35.595878,39.144484,42.000000,43.292433,
42.211130,48.131505,57.032548,70.723256,170.684059,209.611764,
13.658661,15.305815,16.000000,16.624048,23.818401,90.821761,
7.055943,7.980866,8.645938,15.000000,16.959341,43.716806,
48.128708,51.000000,66.275598,67.524825,75.329440,490.314946,
11.000000,11.000000,12.240559,19.000000,22.912240,31.210639,
10.789001,11.000000,17.000000,22.000000,23.981288,30.253819,
17.274787,18.000000,21.000000,23.000000,88.388802,90.397968,
7.000000,7.095159,9.447567,12.000000,14.808093,15.585152,
14.695552,15.789940,18.474408,20.041625,37.368689,76.813113,
17.000000,17.000000,17.961246,20.000000,76.802682,164.000000,
39.724656,48.264132,53.000000,59.000000,63.175306,246.165246,
17.000000,18.098328,30.000000,33.000000,36.460737,131.994510,
13.000000,18.026231,24.667474,32.333737,39.466839,72.863734,
40.371852,42.040958,50.000000,54.653245,68.318295,635.614710,
14.000000,15.017988,18.460871,22.000000,30.000000,32.000000,
4.000000,4.518337,4.532663,6.503385,7.325565,44.044553,
15.000000,17.000000,19.207052,20.000000,25.000000,92.211290,
11.524687,15.026434,23.217961,61.243845,66.262524,67.152423,
8.255406,8.255406,9.068407,12.088038,40.897218,52.558982,
11.207552,14.161829,22.663552,28.844520,49.542216,57.827628,
23.520473,25.622068,30.280625,43.673979,103.341512,132.494690,
2.926776,8.263216,8.457471,13.000000,13.053640,16.000000,
22.164285,25.131509,25.470465,33.111605,43.378498,373.708908,
15.000000,17.000000,21.076233,32.000000,46.184434,164.000000,
2.874074,3.017808,3.113580,3.140450,7.362228,9.446550,
8.165741,9.452350,9.945438,10.209918,14.311728,122.623806,
4.000000,6.640892,9.034840,10.000000,20.000000,27.153558,
15.783100,16.318208,25.265619,40.000000,61.199825,68.180857,
9.412098,10.000000,12.549464,13.422586,85.841473,102.078008,
11.000000,11.209672,11.599266,12.747530,14.938449,33.405844,
14.941010,15.265815,18.281635,36.978761,45.049285,71.729883,
13.461289,14.000000,19.818280,22.287833,25.033335,92.633513,
25.000000,26.285426,31.825214,48.532931,82.288213,111.040344,
30.365209,38.035455,41.452220,47.394272,115.919081,140.808519,
45.787508,46.260371,50.936866,88.552039,106.224788,152.731566,
28.000000,37.227851,44.738904,60.000000,68.455269,138.000000,
7.467491,10.667844,12.801413,24.000000,31.021847,109.809838,
10.500505,10.706992,10.921739,11.777691,33.618655,78.362508,
55.479396,69.560326,70.000000,72.000000,78.000000,298.057065,
5.743823,6.491325,6.509666,7.911302,11.258392,17.862454,
5.000000,8.358915,9.000000,9.014516,18.882634,27.193546,
7.216533,7.430151,9.631678,17.308687,18.988164,47.987555,
9.199875,10.266824,22.065399,33.000000,54.170614,314.053875,
9.556384,9.841683,11.000000,18.316402,18.714585,70.376540,
20.000000,20.285941,22.000000,35.000000,87.370573,143.001393,
26.761496,28.088869,28.544407,32.741706,42.068281,255.541565,
21.738585,21.769081,29.629697,46.206430,65.307243,1105.850582,
18.000000,19.320607,20.000000,24.071272,24.696417,104.000000,
16.237063,17.713160,18.489981,18.713160,29.971456,211.982414,
72.638901,75.499125,102.781491,144.021003,166.210661,177.062391,
12.679862,13.000000,36.609494,45.897701,59.640258,68.554080,
7.319228,8.265429,11.000000,15.888449,23.170335,32.323669,
12.000000,13.000000,13.000000,13.713279,26.286647,86.069790,
10.913747,11.022517,12.000000,13.000000,14.000000,19.285562,
12.312709,14.321677,16.849122,19.242243,46.920107,111.293274,
15.407907,18.317489,19.857126,25.251847,25.839922,548.250575,
47.000000,49.000000,51.003372,61.538536,85.853012,202.030578,
17.000000,18.000000,20.629694,21.438680,25.709744,52.000000,
11.698402,11.956414,14.383065,14.667579,18.749886,75.581973,
17.490115,32.447596,43.000000,52.411575,70.295884,92.358908,
2.071704,2.245463,2.735263,3.028242,3.170904,9.417924,
13.000000,13.286811,23.274530,52.755196,68.319351,119.110311,
5.360776,6.185511,6.187191,10.352707,11.000000,23.132944,
8.000000,10.000000,12.000000,13.954256,44.631560,53.170494,
9.000000,9.128486,10.000000,15.000000,34.443608,92.726299,
12.138214,12.588462,16.349641,18.000000,21.000000,53.759566,
18.000000,20.897686,40.000000,41.000000,46.000000,149.210570,
4.045822,4.740004,5.878646,11.000000,14.153603,48.512567,
8.250958,10.000000,10.773261,13.020924,14.000000,68.590631,
4.256787,4.876165,4.991032,6.000000,7.000000,17.709337,
2.000000,2.249209,2.538274,2.870629,10.000000,13.000000,
23.644483,27.480021,33.284843,34.117730,35.000000,359.805225,
18.246047,19.624605,24.000000,35.337208,63.762251,102.213521,
14.986357,16.000000,17.703221,28.132824,39.199636,661.768085,
20.953746,23.000000,25.094726,38.900762,115.940607,153.000000,
5.210510,6.469596,12.663366,24.372337,33.571318,71.172303,
41.220619,53.089345,60.428559,71.982322,174.725217,239.724105,
2.917824,3.005131,3.339989,3.917824,4.059582,8.414466,
23.000000,25.000000,27.040154,38.717498,44.000000,687.279915,
21.191985,21.222919,22.336625,23.951925,27.644214,158.232787,
67.070689,69.187308,89.943500,124.850617,135.056234,1176.460445,
17.561173,20.305106,20.305106,21.402680,63.561679,88.337243,
7.000000,9.000000,9.000000,10.000000,16.142306,43.441293,
11.000000,11.000000,13.000000,20.751983,23.457897,30.305764,
6.107361,6.693425,6.876807,7.441329,13.000000,24.596110,
9.836070,10.971001,14.940715,15.000000,20.000000,55.807205,
3.485742,3.988057,5.138804,6.000000,9.000000,30.102903,
31.000000,32.301730,34.209862,36.000000,66.470939,269.836829,
10.950346,11.188397,12.078119,14.000000,18.000000,49.803762,
