6619500	993,16217,6672,28270,23829,251,21684,12220,21067,18024,12795,2683,28370,28169,15405,16110,201,15934,25086,7868,21110,20207,9817,11465,11176,4949,554,12352,8689,3627
145750	15138,16540,18024,27618,15645,21684,23143,24780,7868,3847,28169,17013,16406,27406,23779,4834,24242,2257,29547,12220,17835,7105,3228,11196
2350750	21684,18024,23779,4078,28169
12008000	21657,4960,17647,7105,21684,1222,18024,28169,24274,25618,16110,14261
425500	21684,3658,27205,28169,8313,12285
4853750	21110,18024,19955,21684,28169,25596
8430000	21684,18024,28169,7868,8637
4256500	18024,21684,28169,2410
9039750	3702,6482,14265,12220,16540,18024,14048,21684,29445,15639,17748,16500,23491,24780,12394,3145,27092,26297,28169,7456,29331,15138,15645,7997,11679,11018,21110,23143,7868,13087,10268,23779,911,1293,16406,17013,28177,12977,29547,28937,2257,27406,14580,11652,7105,3228,11196
12215000	20831,11176,29099,18024,7090,3164,21684,25260,15934,4939,9620,18805,8689,23284,28169,9363,15639,14261,3627,14942,4949,8637,7868,12352,6672
591750	18024,21684,13390,12394,21565,5416,28169,12220
11947000	8719,17959,21684,28967,1758,15233,2322,12220,6505,21911,14020,28169,7868,12747,23482,20411,13103,9522,27092,14580,11080
5256500	21684,28169,7868,20679,614
7367000	21684,18024,143,28169,504,20297,21975,21336,15686
4956000	21684,15315,28169,22393,14261,14580,11080
7927750	21684,20279,15065,18024,26341,28169,3032,18624,26288
9982500	19993,21684,12168,22484,28169,542,9369,2683
6572500	7868,5443,21684,11176,18024,2683,12352,28169,7323,29099
10443000	4571,13779,18730,11793,21684,13592,18024,28169,8719,23628,25488,21110,2373,19466,27135
1710500	20470,11080,18024,21684,7105,24517,28463,9072,14227,1084,8689,2159,28065,28169,10193,16939,13494,14780,18977,21865,22727,7868
9706000	949,16476,3809,8637,21110,25933,19120,18024,18508,16823,21684,22393,18805,29363,9612,849,3980,19835,11487,19431,12220,28169,14580,23340,20846,13765,29099,8689,24519,28410,15584,13483,15138,22094,6364,26754,25260,14694,24486,11080,20297,11767,26722,2683,12168
3913250	5845,21684,3626,13240,15631,12220,28169,14020,15159,10136,9230,9948,9242,8689,8409
11307500	8628,23407,21684,2463,27711,28169,12068,20300,22359
9351750	1481,3699,21684,14020,3627,22556,679,21865,949,4949,2257,10171,7868,28169,11904,993,2891,12220,12747,27092,14580,11080
4195500	18097,15315,21684,7868,9802,12285,28169,20456,905,22246,7737
5292000	21684,21672,18024,28169,11670,23779,8643
1194750	20551,21684,28169,4059,8637,679,7400,25366,83
5108000	12346,6148,11465,21684,7070,12220,15094,10532,28169,8689,647,11176,29547,27092,4254,4949,29203,12352,14580,14020,3627,11080
1617250	21919,18024,21533,12283,21684,5077,28169,27791,28463,18002,11951,11329,2217
10018000	25770,21684,18024,15138,28169,2655,7868,15874,5429,27791
8145500	21684,4949,28169,21883
12371000	1831,12728,8689,24541,18024,2254,21684,11776,26973,25372,12352,21110,28169,14261,16550,12220,14294,12394
6867750	21684,28169,7552
1319000	10449,21684,599,5797,28169,21849
1832000	21684,25372,21865,28169,10916,25687,7868
3188000	21684,18025,28169,9567,16463,2655
980000	11018,23143,16550,18024,21684,12220,13087,14265,29445,29084,17748,12394,28169,17013,1293,29099,3145,26297,29331,14580,27406,21110,7997,7105,10268,12977,911,28177,28937,11652,11196,3228
5139250	7096,20551,3699,21067,1481,21684,22556,2891,679,21865,949,4949,10171,11904,2257,7868,28169,19421,12220,12747,27092,14580,11080
6099250	18024,21684,28169,11823,25372,13244
2050000	17960,4053,21684,15231,12329,18024,28169,21336,5306,26866,14242,21659,27791
2316250	14261,15065,21684,12220,20506,9657,28169,9688,26288,949,679
10533750	5184,7868,24628,15645,21684,28270,12977,11682,14533,17061,29099,19394,21067,5285,18730,28169,24601,18024,23896,11080,11679,21657,7105,1222,16110,14261
4557250	22727,21684,27228,18868,16653,28169,19962,7868
6250250	21684,28169
8909750	20620,3228,15159,21684,21092,24054,28270,18024,28169,20803,21110
7116750	24780,18024,7868,12541,21684,17013,27637,16406,27406,28169,4834,23779,29547,14930,2257,17835,12220,10308,7105,3228,11196
1815750	18024,28391,21684,28169,5067
1971500	14065,14294,8316,27791,21684,18024,4411,5315,5834,1739,23019,14415,26860,22043,19166,7654,28169,17550,8385,24070,7692,18712,7469,7624,14917,21919,4479,21715,7096,13701,11000,25329
5170500	16406,29095,19973,4571,21684,28184,12977,14902,2257,14020,11612,28169,11176,4949,18730,7868,18805,6096,21672
11111500	18024,21684,25142,28169,27791
6996000	21684,13754,12165,28169
7016500	18730,1461,12352,18024,21684,7096,22393,18075,11080,13020,28169,3151,15138,24196,29203,17606,14020
6264750	25989,21684,7620,20620,1415,2683,18024,28169,14294,21092,21110
9202750	20154,20803,22393,21684,1547,17405,25596,25212,25989,28169,18024,7620,20620,2683,14294,21092,21110
10302500	18167,21684,7409,12220,26087,20506,28169,6630,14065,28164,679
3114000	13112,14294,15259,21684,2655,28169,18024,23928,20536,21092,21110
452750	15638,18491,21684,12352,141,28169,25488,7868,10872,251,14796,6672
3404000	28370,18024,7868,28653,21684,18273,11465,8446,9817,28169,4949,11176,29,8689,12352,554,6246,22246,3627,905
1063000	20551,24929,530,21684,14165,22749,28169,27117,28481,22280,15019
6126750	21684,27117,28169,24977,25117,15019
6766250	6988,21684,18024,143,4307,29547,28169,18805,27791
1579250	21684,9906,21160,4953,25424,1831,28169,18024,24194,4078
12417500	28438,17959,21684,18024,7963,28169,15631,15138,8689
8156500	19974,25372,21684,16420,18024,6951,28169,8842,27791,6447,4078,1831
3245250	454,21684,12352,255,14161,11080,14580,2513,28169,819,12977,23878,25260,11052,3228,3627,4949,16110,18730,22393,8724,26722,8027,2257
4423500	8662,21515,8643,29490,21684,9111,28169,11936,4147,24193
8195000	3034,8943,21684,21672,1831,28169,11080,1758,5185,18024,4078
11632250	18024,21684,28169,2683,24196,25022,21110,12220
5034000	3723,5987,21672,28466,11176,3145,29099,21684,18180,10680,14020,24196,22583,1335,10584,28169,25372,13844,7868,4220,18730,18002,2128,11679,16550,7465,12220
8845250	8689,24196,21684,24565,554,23928,12008,28169,25596,6092,17297,18736,17214,15446,25631,28653,14020,26464,21979,11826,13070,12394,22484
154750	4479,17945,9340,23662,11080,11396,4626,24869,11687,18024,3702,21684,17597,24601,9195,8257,27637,27092,23491,617,18075,15924,7456,12977,27509,9620,28169,16500,7692,11679,11018,949,3390,15138,8676,4949,16540,14048,27618,4931,15645,23143,24780,7868,17013,16406,27406,23779,4834,2257,29547,12220,17835,7105,3228,11196
11493000	18024,4571,2899,527,9899,17393,21533,13471,13442,21684,20470,11080,24541,12453,24517,28463,7105,28169,14227,1084,2159,8689,10193,9072,16939,13494,18977,21865,22727,7868
9079500	15741,25272,18024,4571,2899,527,12453,9899,17393,21533,13471,13442,21684,20470,11080,24541,24517,8689,28463,7105,28169,9072,14227,1084,2159,10193,16939,13494,18977,21865,22727,7868
65500	2683,11176,14623,21684,24196,28687,18024,28463,7323,28169,6152,15639,5443,29099
6515500	18024,21657,21684,29099,28169
832250	6520,5053,21684,26670,28859,2257,28169,22963,251,3228,18024,23143,1831,27791
10054250	12168,18024,21684,15799,28169,1079,11159,8425,4667,20297,19660
4503500	21684,26754,4949,28169,3627,12220,11936,24193
11142000	7868,18024,21684,28169,3627,17407,9620,29099,12352
4376250	264,18281,12160,15907,18805,21684,10353,21336,11524,25240,21110,5863,12168,28169,19993,21225,28438,27407,15631,8689
5901250	11176,21684,22482,28169,12606,18730,14575
10521000	14227,18024,8689,1084,2159,21684,10193,9472,16939,13494,28169,13779,9471,18977,10225,15761,25770,21865,15874,22727,7868
1561250	22973,12220,6672,18024,15934,21684,2683,22393,15639,17706,12977,16110,28169,25086,9620,20207,7868,679,14261,13891,11465,11176,251,4949,8689,2257,12352,3627
7568750	21684,27205,28169,1831,12285
2182750	21684,8724,26722,18808,28169,8027,1539,19643,8689,2257
190500	4281,18465,21684,18024,28169
3977750	18024,21869,21684,17060,13975,28169,17087,1461
10401500	17242,21865,11080,21684,20979,17959,8816,28169,13258,24929,14048,12189,22950,27791,7868
4814750	18024,4571,2899,527,12453,17393,9899,21533,13471,13442,21684,20470,11080,24541,24517,8689,28463,7105,9072,28169,14227,1084,2159,10193,16939,13494,18977,21865,22727,7868
3226500	18024,6621,21684,28169,18741,25372,12394,27791
3588500	20846,21684,27251,28169,23782,27791,18024,21336,8637,1831
6247250	16918,18024,21684,10840,28169,22680,25618,28626,22736,19615,15814
5987000	21684,28169
11552750	18024,21684,23448,28169,16011,27791
10322250	217,28967,21684,1731,28653,18024,28169,22087,9111,10702,5185
7483500	18024,7105,21684,155,28169,7868,21865
3148500	12220,28561,18024,2683,7620,21684,15934,28370,4762,16110,21110,15405,28270,28169,25086,20207,7868,201,9817,16217,11465,11176,4949,12795,554,8689,12352,3627
11169500	366,953,21684,2568,6352,9549,2198,28169,21110,10014,18196,4220,7868,14294,17640
10598500	13844,12728,4220,14165,11776,14294,24385,21684,18730,18002,14020,14261,28169,21110,7465,16550,12352,11679,12394,12220
4880250	27096,18024,27791,21684,15584,11882,28169,16463,1831,23143
4102750	18024,5267,22523,21684,21787,28169,10026,26843,20585
5655250	6482,11624,17597,27637,24601,11080,8257,23669,13853,18024,21684,617,13087,15988,3390,4338,27509,23491,9620,27092,8676,1293,15138,28169,7456,12977,9131,27618,14020,9340,11396,11018,14580,3702,11679,24780,14048,16540,23143,7868,16500,17013,15645,27406,4834,23779,29547,16406,2257,12220,17835,7105,3228,11196
3293750	18024,21684,3627,28169,554,18075,25193,26523
341000	12220,28410,21684,13483,15584,28169,7061,1598,11080,15019,12168,11052,679,2683,26754,26722
6654750	10872,14020,5285,16406,28270,7868,21684,14533,12977,21815,13020,17061,19394,10999,8689,28169,18024,21067,23896,3627,11196,21657,16540,11080,1222,18730,7105,1047,11679,16110,14261
4475750	4281,7868,6539,679,2683,21684,259,27401,21796,23774,12068,251,24869,28169,25086,21092,18024,20207,11465,18805,3719,15934,11612,13592,11176,25372,12352,4949,21110,8689,3627
7190750	9413,21684,251,18024,1831,28169,14526,27791
7163250	18024,3228,18791,21684,21110,28169,10329,9567,12943,18805,8689,17748
12231250	9838,27155,21684,14580,2683,12220,19539,28169,4709,26973,24519,2257,24486,6246,11080,25260,12168,28149,11767,11052,26722
12386500	18024,21684,28169,15138,18879,2367
9842500	22319,8689,21684,19048,28169,18024,7380,10908,25086,18805,7868
3009000	18024,21684,12327,15019,28169,2033,27117,8724,22393,5627
6205000	21684,1461,28169
1727500	21684,29225,28169,7812,3228,4452
4907500	7868,18024,21684,17013,16406,27406,28169,4834,23779,2257,29547,17835,12220,7105,3228,11196
4680000	18024,251,1831,21684,11080,28169,2655,25372,16463
4454500	21684,18024,15423,26754,28169,9111,5574,12688,28653,27117,15019
2251750	18024,21684,6571,28169,23549,22727,7868
382250	14360,28149,14930,21684,14294,15935,18730,16110,28169,3228,19835,9838,12220,14580,4709,21110,28017,24519,2683,11080,2257,24486,25260,22393,12168,11767,11052,26722
5952250	18024,12285,21684,6827,28169,5067
239250	7616,18024,21684,21110,28169,12647,28481,25372
9044750	2945,18024,21684,18879,28169
10696000	21684,7620,2683,11022,21092,28169,19615,7680,14294,14887,3458,21110
5199750	15672,16463,11176,10778,21684,11000,24929,7868,28169,12220,14261,20506,679
3952000	22583,25917,18730,18024,13844,21684,12394,9111,19837,4220,25372,18002,13998,28631,21844,28169,4479,29099,4648,7465,11679,16550,2128,12220
2756000	23928,21684,28169,2198,21110,21092
140500	4949,12352,8689,11176,21684,12394,18730,28169,14625,18024,23779,1831,3627
11496750	21684,28169
7600250	18024,11330,23793,16624,21684,21067,4997,25570,12220,26722,8689,10726,11679,21672,28169,251,16110,14153,10840,14020,11080,11196,29099,7868,16406,29095,24869,23662,27160,14902,11612,18730,12977,23612,3228,8662,12394,4949,11176
2704750	18024,21684,8313,22359,5764,16483,14020,13592,28169,12394,3658
232000	21838,18024,4571,2899,527,12453,9899,17393,13471,21684,21533,13442,20470,11080,24541,24517,8689,28463,28169,9072,14227,1084,7105,2159,10193,16939,13494,18977,21865,22727,7868
415500	18024,14020,21684,15631,28169,15405,3151,9817,3627,8689,554
528250	11196,4949,14902,21684,21110,5330,7096,11612,18024,28169,18730,11176,16110,7323,3228,16406,155,2963,12977,8693
10069500	18024,8637,2159,2257,10193,21400,21684,16939,13494,18977,28169,21838,15322,21865,4571,7868
1530250	21684,18024,14120,28169
1189000	20154,7096,10329,16463,14261,18024,21684,21672,19421,14153,13737,679,23628,11679,29203,16361,27160,12220,26972,29099,27615,28169,16110,14020,11330,11328,3228,16624,11465,11196,12175,21067,7868,29095,16406,251,12352,8662,14902,23662,11612,18730,8689,12977,12394,3627,23612,11176,4949
4378500	21684,22947,28169,11857,8689
5754500	18024,24196,3954,12647,21684,8307,11790,28169,143,14020
7810250	27791,18843,21684,18024,28169,7868,8637
7513250	5267,2826,24590,25372,11196,18024,21684,1756,28169,4078,29203
3520000	23928,14788,18829,155,27927,21684,2999,5254,18024,28169,14415,23409,1700,27791,21919,28065,14020
4852000	21684,18977,29146,28169,21865,7868
9839750	14294,15584,21684,11328,13483,11080,26754,28169,12168,28410,2683,21110
8622000	21684,8702,28169
3549000	12395,24869,23896,21684,11080,18024,28169,11679,21657,7105,5957,5285,1222,5184,16110,14261
3396250	21684,18024,2655,28169,14020,22583,28059,15138
8353250	18736,7230,21684,3438,4302,28169,16331,7560,27205,12285
8123500	18024,21684,28169,3390,1591,22852
8910750	11196,21684,3590,18024,11330,10948,28169,29078,26614,27117,5598,24503,27514,12688
299750	10171,7868,24601,21684,18024,12220,28169,12747,14580,27092,11080
1969000	19668,5376,10014,12352,21110,10584,21684,21672,28466,29099,3145,5987,18180,10680,14020,28169,1335,25372,22583,18730,13844,4220,18002,7465,2128,11679,16550,12220
5011500	23143,13749,7868,21684,24780,20180,16406,18024,6331,28169,29203,17013,27406,4834,11679,2257,17835,29547,12220,27092,22280,23013,7105,3228,23779,11196
4035250	11159,21684,28169
12275500	23134,7572,18024,5429,21684,21110,239,28169,7868,9563,21930
7450000	19962,27791,29202,21067,21684,22393,23896,18730,18024,28169,21657,11080,11679,1222,12977,7105,679,7868,16110,14261
3795000	12220,18024,21684,28169,24601,3627,9620,29099,12352
8528750	23143,2257,21684,15269,16913,18024,28169,251,3228,1831,15672,27791
5354000	29203,21684,13450,18024,28169,21110,20180
2874500	21684,3047,28370,19422,28169,10840,4172,7910,6203,14914,7868
1531250	4676,12216,25260,21146,23338,18024,21684,7026,22442,3719,12394,28992,4078,28169,26523,10247,2963,22179,21110,11176
4054000	21684,24088,28169,9090
2103250	11022,25219,28855,21110,4949,24325,18024,21684,25372,7822,12352,14902,5458,14261,16550,6724,8662,3658,8689,13737,13592,28169,7567,14020,14294,1831,12220,11176,12394
5279750	25211,6880,14956,21684,28169,11196,20386,3228,2368
1812000	17770,19814,6482,18024,21684,4626,11080,11687,9131,9340,9195,11396,24601,27637,3702,17597,8257,14020,27092,23491,15924,617,14048,28169,27509,3390,9620,7456,7692,12977,8676,16500,11679,11018,15138,27618,15645,16540,23143,24780,7868,17013,27406,16406,4834,2257,23779,29547,12220,17835,7105,3228,11196
5828250	17438,16818,21684,10404,599,6988,28169,4808
6233750	11679,3458,21684,21372,7542,10014,28169,12220,4220,18180
11761750	18024,21684,16406,15405,28169,5086,9817,3627,554
4186500	18024,11080,21684,23779,28169,29547,14261,11196,7105
2797750	20595,21684,11790,11280,28169,27625,8689,3658,28270
9794000	18024,642,21684,24886,11196,28169
6266000	18292,18024,21684,11679,28169,8689,23774,11882,23143,15584
5059000	18024,21684,19102,16668,28169,9195
4097500	12352,21684,28169,6672
2626250	18977,21684,28169,21865,25193,7868
9685000	21684,17032,5403,1428,28169,11605
11225500	29203,11175,16463,21092,21684,14119,10176,28169,2826,2655,25372,13020,4731,21110
4370750	23628,21684,28169,7168,1666
8523250	12352,25500,1731,15934,21684,11080,1047,21672,18024,28169,8689,21336,3627,16110
847750	19891,21684,21565,28169,13390,18024
9244000	17732,21838,18024,21684,4571,2899,527,12453,9899,21533,17393,13471,13442,11080,20470,24541,24517,28169,8689,28463,7105,9072,14227,1084,2159,10193,16939,13494,18977,21865,22727,7868
8102000	21684,22393,2438,7620,768,28169,21092,14294,12220,19993,21110,2683
1792000	23351,20630,21565,21684,18024,23214,28169,20154,14914,12307,23623,16540,20979,11176,13390,6203
6412750	18024,21684,3719,28169,11080,17060,15019,14580,3304
9463750	26883,18002,17084,17400,21684,7868,18024,16609,28169,16406,2655,14020,22583,11196,28059,15138
9076750	18024,29203,3665,17748,21684,5712,2655,22368,14119,27638,28169,13020,21110,2826,25372,4731
1782250	14788,5845,21865,14415,21684,2568,24460,3237,28169,19374,18024,21110,155
11782250	12220,18024,21684,7127,28169,18002
4852500	10151,21684,28177,28937,11679,11652,18024,28169,26288,28876,16500,28453,11080,24541,3228,12068,911
1074500	18024,21684,16602,28169,9567,14261
6354500	18024,21684,28169
11874000	10584,5987,18167,28466,13354,21672,29099,3145,21684,1282,10680,10014,4510,14020,19668,22583,1335,25372,18730,28169,18002,18180,13844,7465,4220,2128,16550,11679,12220
7218000	24669,7096,19421,2421,21684,18024,11679,10702,6951,15859,28169,21936,11201,22317,12220
11022500	15423,21684,26754,18024,5574,22319,28169,27117,15019
11579750	8257,27637,27092,23491,617,14048,18024,8410,3390,15924,21684,7456,12977,27509,12132,9620,7692,15217,16500,11018,11679,8676,15138,16540,27618,28169,15645,23143,24780,7868,17013,16406,27406,23779,4834,2257,29547,12688,12220,17835,7105,3228,11196
10790500	18024,21684,28169,14261,7105
3089500	18024,21684,4078,28169,1917,14020
5248750	21684,7323,16406,13390,28169,27035,23623,28924
5608250	10106,21684,22393,2826,25372,25596,2655,1547,29203,13020,28169,2683,7620,21092,14294,4731,21110
4399750	21684,6148,28169,23207
10831750	21684,28169,5640
2768250	21684,28169,23421
8701250	18024,19974,21684,4571,19973,28169,18805
7921500	28087,21684,12674,28169,14020,22556
3344750	18024,684,21684,1771,11022,24196,5310,20579,7542,8805,2771,28169,3313,28463,28435,12220,18290,17748,29099
11601500	12747,28117,21684,6190,7511,28169,14580,27092,6299,12220,11080
1699500	21684,28169,24715,16716
9802000	21684,28169,15138,5883
11321750	18024,10879,6242,27205,20206,22880,29330,6348,15390,19891,4262,4238,3228,4294,23338,12358,28169,9906,24907,13745,21684,7997,29547,17060,11730,21672
5780000	7037,13734,4411,19421,18024,16529,23928,21684,2173,21071,539,7061,22529,22313,23781,14261,5094,28169,15315,18515,11022,262,17959,10058,8313,17061,19523,17214,5814,21336,21092,15811
861250	25372,25212,2655,13020,2826,21684,25989,7620,20620,28169,2683,18024,4731,29203,21092,14294,21110
11701500	4281,24737,21684,12285,18024,28169,17760,29203,14020,22052,4366
6897000	18024,7626,23223,21684,24177,18544,4300,28169
3981750	22963,25386,5053,5185,251,21684,22280,2257,28169,18024,6520,23143,3228,1831,27791
9344000	20979,21684,17024,28169,21110
854250	18024,21684,28169,4571,9881,7868
3326250	27389,9389,21684,4163,614,9479,18712,24459,28169
8702500	17770,6482,11176,17060,9486,9131,17945,4479,9340,4626,21684,11396,18024,11687,24869,11080,23662,3702,24601,27637,27092,23491,14020,18075,28169,27509,7456,12977,17597,9620,8257,16500,8676,617,949,11679,11018,4949,27618,14048,15645,4931,3390,15138,23143,16540,7868,24780,17013,16406,27406,4834,2257,23779,12220,29547,17835,3228,7105,11196
8017000	27505,21684,6672,18024,22280,28169,15096,23284
10566000	12453,9899,21533,17393,13471,24541,13442,20470,3854,11080,2319,21684,11204,24517,7105,13554,18024,8689,28463,9072,14227,1084,28169,2159,10193,16939,13494,9486,18977,21865,22727,7868
7797000	18024,11679,24780,7868,21684,23143,17013,16406,28169,27406,24066,6571,4834,23779,2257,29547,12220,17835,7105,3228,13942,11196
5336750	25272,14261,12220,21684,9620,20506,11000,28169,12352,679
3282250	18024,21684,28169,11857,29099
981000	15639,28270,24869,23628,2257,18024,25260,27625,15315,21684,29022,4571,11328,4938,13450,7868,11465,28169,3228,21672,10726,26722,29099,4997,11080,12352,10840,16110,14020,12220,11679,23612,29095,16406,11196,18730,12977,14902,14153,11612,27160,8689,3627,8662,12394,4949,11176
3249250	21684,11080,26394,1237,28169,2513,7868
3954500	18024,931,21684,4254,26315,28169,12168,11679,12162,11882,2683,23143,15584
10064500	1335,25372,8269,18730,13844,21684,4220,29099,18002,28169,7465,28466,2128,11679,16550,22583,12220
2168250	18024,21838,4571,17732,2899,527,12453,9899,17393,21533,13471,21684,13442,20470,11080,24541,24517,28463,7105,8689,28169,9072,14227,1084,2159,10193,16939,13494,18977,21865,22727,7868
6458250	21684,12285,23475,28169,7692,11196,22280,27205
6998500	19973,11687,2683,28370,21684,15405,16110,18024,12795,15934,28169,25086,21110,20207,7868,1031,29547,9817,11465,11176,4949,554,201,12352,8689,3627
11535250	6672,20425,12394,9486,12175,21684,2999,13240,11080,25372,27791,21539,20966,21672,7467,28169,16463,25086,15639,11176,18730,9838,19615,12352,255,14161,14580,25260,12977,3228,819,16110,11052,3627,4949,8724,26722,8027,2257
6172000	21684,28169,24704
1525000	11776,11176,29008,25933,17770,6482,18024,21684,4479,17945,9131,11080,9340,23662,4626,24869,11396,11687,3702,17597,9195,27637,8257,24601,617,27092,23491,18075,28169,15924,7456,27509,12977,7692,16500,949,9620,11679,15138,8676,11018,3390,4949,16540,27618,14048,4931,15645,23143,24780,7868,17013,16406,27406,23779,4834,2257,29547,12220,17835,7105,3228,11196
4844000	13844,18730,4220,21684,27396,18002,1335,18977,5598,25372,15934,16550,11176,28169,7465,11679,24196,12220,7868
1492500	12220,21110,24015,24886,23829,2683,15934,21684,18024,28169,25086,20207,11465,16540,7868,4949,11176,16110,8689,12352,11196,3627,11679
3035250	7868,18024,21684,12977,679,12220,1461,28169,12747,12352,18730,993,22393,13020,15138,29203,24196,27092,14580,14020,11080
11362000	21684,9609,10404,17232,28169,5330,10240,4324,2963,8693
7545250	21684,18024,3228,7323,24015,28169,12220,29099,11196,11679
10628500	25386,28945,16463,12159,23549,4039,17094,21684,7045,6868,2945,27791,4078,28169,5652,21336,13784,398,11263,28641,12285,14294,18736
11391250	7323,16406,13390,21684,28169,27035,23623,28924
2088000	11080,617,21684,2198,27117,28169,13020,10949,4078,2655,15019
7687500	13853,8173,22994,21684,7868,2610,19574,26607,3787,14603,18730,23662,28169,14498,28625,682,20803,12285,5369,290,12394
5024500	9802,18805,29445,7620,10106,20747,21684,3145,1293,26297,17013,29331,15138,7997,28169,2683,13888,14580,27406,29084,10268,14294,911,7105,14265,16550,28177,28937,11652,17748,12220,12977,12394,11196,21110,3228
4073250	21684,17153,28169,27415,7868
2200750	2610,16463,9315,21899,21684,3720,24196,29203,4571,18024,25372,24506,251,28169,18741,12674,15138,11080,14020,2655
7854500	12285,24352,21565,679,21684,14902,20484,18730,18024,11080,4949,11176,28169,527,4571,16110,3228,12977,16406,29099,7323
4087750	7868,22963,21684,3228,23143,28463,2257,28169,18024,251,1831,27791
317500	18977,9620,18024,21684,21838,10908,4571,4949,25086,28169,18805,7868
1446250	18712,23482,21684,18024,15799,28169,7105,20297
4063000	18024,6148,6080,21684,28169,2803,19974,12055,11196
9782000	21684,16406,28169,5086,29364,3151,14902
5491500	14182,14265,2729,21684,29203,7620,26288,1691,2683,28169,14294,4162,9472,13390,1962,7089,21092,20154,20803,18024,17405,25212,25989,20620,21110
11772000	21684,28169
4850000	4794,21684,28169,19980,614,12512,1428,11605
4153000	22621,12220,14942,21684,12747,26523,28169,9912,14580,27092,21865,11080
11339250	18024,6828,21684,28169
620500	18572,21684,934,28169,4571,6352
7306250	26722,14796,21684,4691,28169,20506,12220,14261,22359,24379,2249,7868,679
11137750	25360,24869,21684,22447,24669,28169,934,12068,18024,19891
4037500	14523,21684,28169,26614
5915250	18024,21684,28169,18879,15138,2367
5082500	24385,18024,21684,11080,13020,28169,29203,24196,7105,14020
69500	18024,18805,21684,6352,7868,2929,28169,28410,15315,14020,25346,17640,18196
2808500	21110,18024,14294,21684,14261,7560,28169,12220,24196,25372,12394
5110750	8414,26114,1004,21684,25793,4949,1739,28169,7096,11176
10000250	19974,21684,6171,5598,28169,17153
200250	12052,18024,25570,16110,21684,12220,28169,11465,8689,29099,11176,7868,4949,9620,6672,3627,12352
2852250	18730,29099,23896,21684,21706,18024,11080,28169,11679,21657,7105,1222,11682,16110,14261
650750	21684,17772,16406,28169,12220
10976250	18024,27205,21684,28169,14482,11196,12285,11679
7375000	21684,143,18024,11857,28169,22317,2655,11201
6380000	20327,15138,21684,28169,28059,24459,28425
12173500	12220,2683,21426,18024,21684,15934,12795,16110,29287,201,28169,25086,20207,28370,7868,21110,1325,28184,11465,11176,4949,15405,8689,12352,9817,554,3627
10773000	12394,6672,9838,21684,12175,13240,9486,20425,25372,27791,21539,2999,20966,7467,16463,21672,18730,28169,25086,11176,15639,19615,255,14161,14580,25260,12352,3228,16110,11052,819,12977,3627,4949,26722,8724,8027,2257
11131750	11176,21684,16406,28169,11196,7868,5738,10726
12028500	3390,7456,27509,12977,9620,21684,18024,16500,8676,15138,11018,27618,15645,11679,28169,23143,21392,24780,7868,17013,16406,16540,27406,23779,4834,2257,29547,12220,13390,17835,7105,3228,11196
11847750	21684,21372,10948,28169,3555
805750	18024,21684,18805,14580,28169,11080,28924
6334000	21684,28169,679
5254500	18024,20470,24541,11080,12717,22043,25488,3313,24601,21684,7105,4336,24517,25770,28463,8689,9072,14227,1084,2159,28169,10193,16939,13494,21672,18977,21865,22727,7868
1838000	17020,21684,28169,21372,2963
405000	18024,21684,15138,28169,25372,2655
9807250	12453,9899,17393,21533,13471,18024,6096,13442,20470,11080,4571,25086,21684,24541,19890,24517,26722,8689,28463,7105,9072,14227,1084,28169,2159,10193,16939,21885,13494,18977,18905,21865,22727,7868
7143250	19941,22366,2771,26114,21684,18024,3181,28169,637,26077,7613,217,22087,10702
1140750	3285,18024,27060,21684,19421,6741,15395,21865,22313,28169,1293,12541,7868
7103000	21684,16488,12586,23662,26754,28169,13737,11080,27117,5574,15423,15019
3903500	2655,27609,6175,18024,21684,14020,22583,28169,24942,28059,1392,15138
3963750	18024,26614,12175,23475,16110,27160,29099,21684,13020,7868,3809,3228,11196,3590,28169,7096,29095,16406,7356,8662,14020,19421,14902,13737,11612,18730,26972,12394,11330,16624,21067,12977,251,23612,23662,11176,4949
5693000	18741,17084,24506,17400,21684,4731,18024,4571,3720,21899,28169,12674,16463,251,14020,25372,11080,15138,2655
11114000	11196,25687,2257,21684,18024,17060,28899,28169,25372
6358500	21684,28169,504
11730000	8296,21684,17181,422,28169,1446,6193,471,12914,18523,5443,18024,23656,13390,21565
9288000	11628,1831,155,18024,24844,647,21684,9532,14265,12747,29202,15018,18805,11328,8689,25086,16603,28169,2971,20207,20506,2438,14294,11465,3627,20472,29099,8637,20425,22393,12220,28410,11080,15584,13483,26754,21110,19993,12168,2683
1909250	15992,21684,4731,21110,3384,28169,23470,20516,6571,14209,6326,24645,10014,504
5910250	3627,937,21684,26605,28169,554,28525
10592000	6951,14020,21684,12352,5598,13844,4949,11176,18730,4220,24196,2257,18002,28169,16429,16550,7868,7465,25372,1335,11679,12220
3054250	18075,27205,18024,21684,13020,24196,28169,3151,15138,12285,29203,14020
12061000	21684,7620,2683,21092,28169,14294,16463,18075,21110
10264750	7552,13020,18024,21684,2826,28169,5267,14020,29203
1381000	8724,18730,17958,21684,23896,25329,11080,18024,28169,11679,21657,7105,1222,29099,16110,14261
6400000	2600,18024,18712,21684,28270,9567,28169,3313,15258,2452
3719250	17150,4078,21684,18024,18624,18362,28169,2217,11080,4960
5082750	2059,18977,18024,11029,21838,21684,26631,17280,21865,28169,7868
3031750	4479,17748,11080,6908,27198,18024,12394,15988,21684,17060,679,18388,6114,21672,13020,27501,7868,19814,14261,11052,25260,4571,14265,21110,16540,28169,18131,15639,14020,11679,19962,29095,11263,26722,3627,28924,7105,11612,8689,21565,1047,5086,4949,14902,11196,29099,2257,11176,18730,3228,12977,7323,16406,16110
10653250	18891,21684,12728,2574,23857,28169,3828,24034,21392,18024,29203,20180
7435500	24886,21684,14261,28169,27950,18024
6603750	21684,28169,21110
5407750	14294,14580,27092,21684,178,28169,16373,6352,11080
7361250	18730,26754,23928,21684,18024,24541,13592,8719,28169,11793,12168,11080,2683,28410
38250	27625,18024,15138,11447,21684,20626,11196,16406,10840,29095,11080,14902,12977,28169,11612,8662,10051,12394,4949,18730,14265,11176
2771250	480,21684,26314,12606,28744,22359,29490,28169,2513,14694,11052,476,23284,789,2963,26722
3787750	25329,7096,21684,28169,26969,2610
1247000	21684,18024,28169,25635
3684750	21684,28169,27638,16463,16754,25372,1831
3317500	26614,7105,1917,8767,1501,21684,8261,28169,11665,12688,3032,679,27514
9972250	2208,18024,21684,23187,28169,14020,22583,28059,7963,15138
2870250	29363,15096,18024,13020,14426,21684,3151,11080,8327,28169,15138,24196,29203,4003,7096,14020,17606
8997500	21684,28169
7323750	27618,18024,15645,23143,21684,16540,24780,7868,17013,28169,16406,27406,23779,4834,2257,29547,12220,17835,7105,3228,11196
3573750	11679,11670,24196,21684,25372,14153,7868,25260,28169,27160,14020,4949,8662,12394,11176,12220
7898750	18977,21684,28169,21865,21838,26894,24503,7868
799000	3555,251,21684,1831,18024,29099,28169,27791
5968250	21865,13097,26516,19745,18024,15934,14020,21684,21565,7105,18730,28169,7868,29099,5086,16110,4078,12977,7323,3228,11196,16406
6015000	27092,21684,28169,11080,1666,3228
9946250	18024,21684,2899,155,28169,26619,3720,7868,21865
1793250	679,18024,21684,24196,28169,28017,21067,2033,22393,14020
2921750	21684,18024,1831,27371,22280,3228,25272,20184,7105,28169,15446,11201,14182,29547,143,27791
434750	21684,6104,6542,19394,28169,19973,16972,27511,4571,21911
5847500	18024,28504,21838,21684,28169,1831,21865,7868
861750	15096,21684,28169,4078,27791,23284
5522250	7048,255,14161,21684,11080,11196,14580,29095,18805,16406,12352,28169,14902,819,11052,3228,11612,3627,7868,16110,25260,18730,12977,26722,8724,6096,11176,8027,4949,21672,2257
12234750	18024,6980,10176,21684,21110,27638,26736,28169,10893,29465,21632,25372
4770500	28975,599,29203,18075,21684,18024,5876,24869,12394,9609,28169,15315,9165,2610,13554,24196,27191,6988,20297,10404,14020,12220
5654000	4775,21684,528,28169,29231,4571,23861,5896
9121750	18024,2899,527,12453,9899,17393,13471,21533,13442,20470,21684,19974,24541,11080,24517,8689,7105,28463,9072,14227,1084,28169,18805,2683,2159,10193,16939,4571,13494,21838,18977,21865,22727,7868
8792750	21684,28169,5598
4895250	26308,15478,21684,23779,19166,18024,1335,21067,4949,24541,28169,11638,16624,12068,15423
11590500	21684,4003,18741,21865,28169,22727,17512,7096,14020,17606,7868
3405000	11767,18024,21684,5015,28169,241,4389,26722
2378500	18024,12977,19974,10014,21684,21110,28169,18937,25372,23774,3228
10047250	18024,21684,12132,17020,28169,21372,3555
4712250	18388,21684,2963,28169,20902
6150750	18024,21684,28184,17429,28169,18185,2655,26523,15831
3581250	17783,7680,21684,5086,28169,5848,12512,23214,23482,22126
10312750	11328,13891,16217,993,21684,11679,18024,28270,23829,12220,20164,12795,6154,28370,20367,24503,28169,17547,251,2683,15405,21110,6672,2257,9620,15934,25086,16110,20207,9817,7868,11465,11176,4949,554,8689,12352,3627
10112000	6839,18024,21684,9817,28169,3627,554,2471,21110
2232500	4949,21684,11176,18024,16463,7868,28169,21657,11000,1222,24929,12220,20506,14261,679
203750	18024,21684,28169,18075,25372
4967250	18024,28463,9072,8689,14227,1084,21684,2159,3528,10193,16939,13494,28169,18977,6101,12431,21865,22727,7868
11046750	18024,7169,21684,28169,8637
9123500	11487,22393,21110,8637,849,19431,18805,21684,29099,14020,19835,2610,22583,23340,13765,12220,28169,28059,14580,22094,6364,8689,24519,28410,15584,13483,20297,20846,26754,25260,24486,14694,11080,11767,26722,15138,2683,12168
4047000	3983,21684,28169,29446,2655,7105
11434750	21684,21823,13390,10840,28169,7071,18758,20083,9985
5906250	14182,23143,2257,29547,21684,3228,18024,28169,251,1831,143,27791
10212500	21684,28169,12927,24788,24081
3216500	8028,21684,18024,21146,27168,28169,28992,2963
1855750	18730,11679,21684,18024,16110,23779,11080,29547,28169,14261,11196,7105
1206500	18024,2159,21684,15322,10193,13494,16939,28169,18977,21838,4571,21865,7868
1966250	20425,27791,11328,16463,11176,8689,155,21684,25086,15639,19615,7186,6672,11080,28169,12352,255,14161,14580,4709,9838,1047,12977,819,18730,4949,25260,3627,8724,3228,8027,16110,11052,26722,2257
1104500	9532,2257,1547,21684,25596,11196,12394,18678,22583,2438,28169,7620,21092,22393,12220,14294,2683,21110
1934750	21684,28169,21838,25372,21110
5187750	21838,3699,21684,19514,2891,22556,679,21865,949,4949,10171,11904,2257,19421,1481,28169,7868,12220,12747,27092,14580,11080
2891500	9486,11080,23842,2999,25372,27791,21684,16463,21672,15639,12175,13240,18730,28169,21539,9838,20966,7467,19615,25086,11176,12352,25260,3228,12977,16110,255,14161,11052,14580,819,3627,4949,26722,8724,8027,2257
4876750	21684,11431,11378,28169,11196,4080,7868,12394,11080,20536,949
10816000	20747,21684,28169
5121750	16406,21684,16609,18024,28169,251,2655,14020,22583,28059,15138
1047000	13390,22889,7089,21684,10106,20154,20803,22393,1547,17405,25596,25212,28169,25989,18024,7620,20620,2683,14294,21092,21110
2920750	14119,15946,679,21684,22400,21862,16302,28169,20300,23538,29490,27155,23407,22359
5226500	13494,18024,21684,12220,18977,28169,11465,21865,12352,4949,11176,22727,23829,8689,3627,7868
3751500	18024,21684,28169,20300,23284
621500	2438,6143,16009,29202,11465,20472,15018,7868,21684,3723,22393,8637,18024,19973,28169,12220,20425,3308,28410,21110,11080,15584,13483,26754,19993,29099,12168,2683
6900500	18024,26866,21684,6805,28169,21659
9436000	17680,7680,18024,21684,3384,21110,28169,23470,20516,4731,14209,6326,24645,6571,10014,504
5078750	21684,10329,9817,21657,28169,25669,9549,12220,14580,7096,3627,11080,18990,7465,554
9586500	21684,414,21865,28169,22727,17401,10795,8860,7868
10768750	8689,21684,28169,6672,19993,2683
1148000	21684,18024,28169,23284,1831
6780500	18024,21684,4571,28169,29099,10893
9592500	27791,21684,28169,14580,27092,679,7868,11080
5898500	21684,2257,7637,24486,11080,28169,25260,12168,11767,11052,374,26722
6234000	18180,12438,18024,21684,1107,16463,28169,18051,3555,4220,4571,17020,21372
11896000	21684,10872,16564,28169,8637,12068
3723750	13020,24194,6447,21684,29203,12271,28169,18024,1831,14020,4078
10609250	155,10240,21684,12977,28169,20979,5598,5330,2963,8693
4193750	7105,21684,18024,28169,21657,11196,23779
3211250	26006,3390,21684,18024,7323,12977,1047,11076,28169,3228,12431,16406,23662,7173,6148,17706,27155,16110
5438000	21684,14145,28169,21110
1074750	21838,7096,20551,993,1481,21684,527,2891,16550,949,4949,3699,28169,19421,679,22556,21865,7868,2257,10171,11904,12220,12747,14580,27092,11080
563500	18024,18805,2159,21684,10193,4571,13494,2683,28169,18977,16939,21838,21865,7868
9055750	143,21684,28169,22317,18024,11201
9716500	18024,21684,8689,13086,23612,12352,7868,28169,11465,28065,11176,3627,4949
3661500	21684,28169,21110
3014750	13494,18558,21684,1147,18977,28169,2353,21865,13471,22727,7868
10944750	13451,1461,18024,19673,21684,28752,28169,25687,25372
2322750	28059,7680,21684,28169,12754,15138
3849750	28049,21684,6158,28169,17640,7868,9549
1911500	6672,1073,18024,21684,11465,14020,15639,8868,11080,11052,19814,13020,28169,4479,10872,25260,26722,21815,11176,16540,4949,12977,11679,12352,7323,7105,11196,2257,8689,16406,3228,18730,14261,1047,3627,16110
10546500	21684,28169
8172250	11329,21838,18977,18024,28463,21684,28169,21865,2217,7868
9069000	24534,2683,12352,574,18024,11456,21684,679,14930,9620,17446,14261,14294,28169,8689,14020,2257,7868,19937,11573,21110,28017,22393
4317250	11679,12173,21684,5619,28169,2683,22029,15159,21110,12220
11340250	22393,18024,6352,12220,21684,28169,2683,25329,26973,21110,12394,14294
9671750	18977,4709,21684,21110,18024,14119,28169,5267,4731,2826,29203,11052,7868,26722
11397250	21684,28169
3644250	17781,10584,21684,18977,18024,7127,28169,8637,29473,21865,16406,4775,4381,18843,7868
11564250	18024,21684,9140,28169,1831,6104,14969,25483
12377250	5492,27946,15315,12352,18024,21684,19405,22393,13020,679,18730,5799,28169,11080,29203,2729,24196,8689,15138,18075,3151,14020
1046250	19615,11396,21684,18196,23143,18024,6621,12352,255,14161,251,28169,14580,1831,26722,12977,819,3627,4949,8724,8027,27791,2257
5220750	21110,5863,12168,21684,23103,15022,27407,18868,28169,22621,26959,15631,25240,28438,8689
7034000	21684,26829,18024,3850,28169,29203,14266,27791
5037000	18024,14227,1084,7105,11080,19416,21838,2159,21684,12068,10193,16939,13494,6880,4571,27508,21140,28169,18977,26722,679,27791,21865,14796,7868
5745000	20658,12747,3390,21684,4949,17118,28149,14360,28169,15935,27092,19835,18730,12220,16110,3228,2683,14580,4709,24519,9838,24486,25260,2257,12168,11767,11052,11080,26722
2386250	11080,15584,18024,21684,948,15019,1598,28169,12168,1008,2683,7061,26754
5911250	18024,24601,8637,15934,16110,21684,12220,28169,11465,8689,11176,29099,7868,4949,9620,6672,3627,12352
6497000	21684,28169,20747
6683750	29551,21684,18024,4939,25770,4731,14818,17945,14119,24562,28169,24977,10169,15446,2826,14020,5267,29203
2138750	16821,11029,21684,18805,14120,28169,25415,7868
2448250	21684,6096,18024,28169,21865,12541,24669,949,21672
5865750	23143,12220,14265,24016,18024,21684,13087,9745,29084,18296,29445,17748,4171,11679,12394,28616,4238,1293,17013,28169,14580,21110,7997,12068,27406,7105,12977,3145,26297,29331,10268,28177,28937,11652,11196,911,3228
9811750	18024,11679,21684,22846,2128,28169,16550,12220
1499750	25372,27791,18024,27638,21684,28169,1831
6272000	18024,21684,28169,20180,17400,6080,2803,12055
5735000	18024,2159,10193,4571,16939,21684,13494,21838,28169,18977,21865,7868
417250	11176,18024,21684,21838,4949,8689,28169,2367,3627,12068
1110750	22499,27791,21684,2729,12426,24571,28169,3458,21110,20578
3625250	16085,18024,21684,4220,28169,17020,5625,18180,26614,21110,21372
4809750	10778,11000,11176,16463,21684,1831,22359,24929,28169,7868,12220,14261,20506,679
8314250	6482,9131,4479,17945,9340,18024,23662,21684,11080,11396,25933,24869,11687,17770,3702,17597,24601,9195,27637,8257,27092,23491,617,4626,18075,15924,28169,7456,27509,12977,9620,7692,16500,949,11679,11018,3390,15138,8676,4949,14048,16540,4931,15645,23143,24780,27618,7868,17013,16406,27406,23779,2257,29547,4834,12220,17835,7105,3228,11196
9179500	17629,9131,20823,9340,11080,11396,4626,18024,11687,21684,3702,9195,17597,24601,8257,27092,23491,617,14048,3390,15924,7456,12977,14020,27509,28169,9620,16500,7692,11679,11018,27637,15138,8676,27618,15645,23143,16540,24780,7868,17013,27406,16406,23779,4834,2257,29547,12220,17835,7105,3228,11196
4184250	18024,11080,21684,14695,28169,23928,11687,11983,16550,28710,11196,4949,10788,14020,12220,241
1240250	12728,12352,21684,5998,25372,18392,14294,20297,14261,28169,21110,2160,15631,12220,8689,12394
5264500	8689,27625,26420,1642,17748,13054,18024,21684,12728,18730,27791,12352,14020,28169,8625,25372,5470,14294,12977,3228,14261,21110,16550,12220,12394
11616250	21684,9829,28169
8799750	28410,18730,16110,21684,8327,4389,7105,4571,28169,13592,18024,12018,11080,20826,679,14261,7868
8049000	11080,21092,17664,25556,14294,21684,14821,14240,27544,19993,28169,21110,12168,20979,22749,2683
1181250	1752,18024,18805,22749,9363,29213,15631,15639,7208,21684,21110,27390,4949,28169,18932,14942,8637,7868,12352,8689,23284,6672
6700250	3228,16110,14153,29099,21067,21684,11578,10840,11080,21672,251,27160,11196,7957,14020,23662,16406,29095,28169,18575,9549,14902,18730,11612,12977,8662,23612,12394,4949,11176
8170750	21684,23143,28169
8666500	21684,27961,15672,28169,11790
12384250	12394,21684,21747,28169,5458,3658
3846250	12220,18024,21684,28169,12352,11196,11882,15584,23143,11679
3895750	5469,12933,21684,12475,28169
9628250	22280,23013,21684,28169,18024,23779
6848750	27407,4307,22894,21684,18024,28438,7070,28169,22319,15631,264,12160,21336,8689
10756500	18024,21684,14942,17706,4452,28169
6977000	18977,21684,28169,21865,22727,7868
309750	20902,4545,21684,28169,15365
2882750	21684,3228,28169,29225,7812,4452
8129250	7105,11080,24517,18024,28463,9072,14227,8689,21684,1084,2159,18097,10193,4571,16939,18805,13494,28169,21838,25733,16323,18977,21865,22727,7868
7892000	28453,21684,18024,24541,2963,28169,16913,5267,1530,12068,3228,911
2198750	18002,13216,18730,28059,21684,14020,18024,14261,7465,28169,9250,21110,14294,13054,2128,12394,16550,12220
2253250	437,11328,28975,18024,21684,527,23525,23779,155,1591,29095,18575,4834,28189,2513,4949,2257,14902,16406,16110,28169,7868,29547,11612,21067,12977,11176,11080,14261,7105,18730,11196
11737250	21684,10404,6988,599,28169
4658500	25960,7620,21684,21092,21838,14294,28169,18075,12606,27625,25917,10948,12220,17453,2683,21110
7322250	18024,21684,24942,28169,4949,11176,23861
11129250	21067,16550,21838,3627,7096,20551,21684,993,1481,3699,22556,679,2891,21865,28169,10171,949,11904,4949,2257,19421,7868,12220,12747,27092,14580,11080
9215000	18024,28641,21684,25329,22393,12220,18736,28169,6352,2683,26973,21110,12394,14294
10539250	18024,21684,18730,12352,18075,28169,7096,22393,11080,3151,13020,1461,15138,24196,29203,17606,14020
9438000	11679,21684,5267,29203,25117,28169,24977,15019,12220
5726500	21684,15138,2669,29203,23465,14470,13779,24196,28169,11080,17244,25372,18024,25733,14020
7060500	19005,21684,23470,23214,20516,27092,14580,28169,14209,6571,6326,24645,3384,10014,11080,504
4447000	18024,21684,21865,4078,11465,28169,11176,4949,8689,12352,3627,7868
1025250	21684,28169,13247
9512750	10584,21684,18024,13285,21593,19903,28169,11080,23779,27205,4239,28924
10774750	8689,21684,2899,18024,28169,14942,27791,1577
12229000	21684,7868,28169,12588,17389
8822250	17483,18013,21684,7868,16821,28169,25415,18024,21110
9212500	21684,25372,28169,21110
5239500	2683,14242,14294,21684,28169,14153,21110
1459750	12977,18024,21684,13054,28169,22583,3228,12394,2128,15138,28059,21110,16550,12220
9199500	18024,21684,4081,3228,28169,4578,29099,24969
7002750	18024,21684,27791,28169,1481,1831
472000	18024,21684,28169,26722,23748,23584,6211,3515,14647,25333
4257000	10726,21672,29099,251,16110,23662,14153,14020,21684,10840,11080,27160,16406,29095,28169,23612,18730,23475,14902,11612,11280,12977,11196,4571,8662,28270,12394,27625,4949,11176
6751750	599,21684,13737,28169,16243,3068,28463,3658
8435250	15645,24601,21684,28270,10999,22393,7868,14533,17061,19394,12977,28169,18024,16540,23896,21067,21657,18730,1222,679,11080,11679,7105,16110,14261
83250	18180,21684,28885,25753,25329,28169,6174,4220
7830250	15405,18024,21684,20127,28169,9817,27638,3627,554,25372
9394500	14533,8965,2683,16540,21684,18024,15018,28169,29099
1688750	4510,12394,19671,19668,10014,12352,5376,21684,10584,5987,21110,21672,28466,29099,18180,3145,10680,28169,1335,25372,22583,14020,18730,13844,4220,18002,7465,2128,11679,16550,12220
5769750	21838,12688,26894,27514,21684,26614,143,28169,16818,24503
2676250	15446,5267,21684,28169
10818500	18730,21684,7105,11080,18024,28169,4618,23779,5334,14261
3742000	7297,13020,21684,14482,28169,23656,5336,4571,18805,26168,7868
8243500	24601,3702,17597,27637,8257,27092,23491,9195,617,18024,29099,21684,23662,15924,7456,12977,27509,9620,11176,7692,11018,11679,16500,8676,15138,16540,27618,28169,11776,3390,15645,23143,17945,24869,4479,24780,7868,14048,18075,17013,16406,27406,4949,949,23779,4834,4931,2257,29547,12220,17835,7105,3228,11196
3096750	21684,7552,15315,28169
8040000	4762,15159,13390,18275,251,4571,21684,18292,26464,4078,3720,11080,11018,239,5372,22547,28169,8257,27791,7868,25372,18024,5429,16406,22583,10151,28059,17084,17400,14020,2655,15138
1114000	21684,28169,4731
19500	2257,5086,25933,21684,7868,2610,12220,28169,27927,12747,20551,7096,19421,27092,14580,11080
2752000	18024,21684,27906,2042,28169,12243,26728,8689,22179,11196,3032,11679
8248750	21684,28169,12394
7893250	27092,18024,21684,28169,28410,28992,11080
5539250	18024,11983,24517,7105,28463,21684,14227,9072,1084,2159,10193,16939,28169,13494,8689,18977,21865,22727,7868
3215500	2128,18024,21684,28169,16550,12220
10119250	18024,4571,2899,527,9899,12453,17393,21533,13471,13442,21684,20470,11080,24541,24517,8689,7105,28463,28169,9072,14227,1084,2159,10193,16939,13494,18977,21865,22727,7868
9437500	15138,25260,15718,21684,12220,24486,19993,28410,28169,14694,13483,26754,15584,11080,11767,26722,489,12168,2683
11939000	21684,819,12977,11052,3627,16110,25596,3228,4949,28169,22317,26722,8724,8027,2257
1953250	14294,14261,13592,12220,18024,21684,647,25289,29203,10176,11080,26722,24196,6096,28169,2610,12352,8313,12394,14020,3658
10229250	10353,4949,2683,24541,25240,21684,22179,18024,5863,12168,24869,27407,23774,28169,251,28438,20207,18805,21110,25086,15631,3627,8689
11141500	2367,21684,2945,28169,18879
711500	904,3658,3390,21684,374,7868,28149,28169,17118,15935,14360,18730,12220,19835,3228,16110,9838,14580,2683,24519,4709,2257,11080,24486,25260,12168,11767,11052,26722
6301250	18024,25596,21684,14942,13209,8689,28169,20555,8226,28017,29547,11543,8637,574,22393,7868
764000	16300,21684,28169,3740,18990
3288750	18024,21684,28169
64000	4949,679,21684,14294,14261,28169,12747,12220,27092,14580,12394,11080
10257500	21684,28169,10893
1724000	3308,7868,21684,3228,5443,18024,2683,12352,11176,28169,7323,29099
4902250	18024,21684,28169,2323,14360,4709,23628
10713250	16463,21865,4078,21684,3720,28169,2655
10261750	8278,19973,21684,16540,7868,5184,24628,15645,24601,29099,12977,28270,28169,11682,14533,17061,21067,19394,18024,18730,5285,23896,11080,11679,21657,7105,1222,16110,14261
6849750	6246,4938,21684,6757,11080,18024,27965,23556,29099,19796,28169,15138,2199,25372,2655
6258500	21684,18024,20471,28169,911,12068
6904000	24977,25770,21684,28653,28169,15446,9111,29203,5267
393250	18024,14153,10329,16361,11679,7096,23628,10726,19421,21684,27615,519,13737,16110,27160,21672,10840,20154,12175,26972,679,29099,29203,11080,3228,14020,28169,11330,16624,11196,21067,7868,16406,29095,251,8662,14902,11612,23662,18730,12977,12394,23612,11176,4949
2132250	21684,14159,22552,28169
1806750	18024,16463,21684,28169,26394
9720000	21684,2771,19894,16315,13830,28169,1392,26871,21092
12015000	21684,14020,22583,28169,28059,5267,7552,15138
8529750	16939,18002,21684,16406,18024,28169,26883,2655,16609,14020,22583,28059,15138
9163000	18180,23475,5594,27092,21684,28169,21672,28184,6096,11080
887750	13737,3135,24764,21684,15934,11080,28169,15423,5574,27117,26754,15019
10619000	21684,251,12647,23612,28169,11176,4949
2078000	16406,29095,18024,4949,7868,21684,14261,18730,11612,17449,28169,12977,11176,679,14902,27791
2968250	8637,21684,18024,28169,12220,21110,14273,2683,16463,18805,1831
10234000	14261,27117,14020,10176,24409,18024,26011,21684,11524,25570,28169,3324,28975,25214,4039,3719,10329,15019,10970,9111,28653
6874250	9532,20846,11328,18024,20648,22094,6364,15018,29202,2971,21684,20297,11628,20506,2438,11465,28169,24844,155,20472,647,14694,14294,18805,15138,14265,12747,16603,29099,20425,8637,12220,22393,21110,28410,11080,19993,15584,13483,26754,12168,2683
1724250	23198,21110,911,21684,28177,28937,11652,11196,28169,12977,15269,15672,3228
2975500	29099,18024,6143,12352,21684,29095,16939,7105,16670,11329,28169,11612,11196,4949,3228,18730,16110,15934,11176,19745,7323,14902,21865,12977,5086,16406,7868
6807250	11573,10646,12352,8689,5529,12977,8327,18024,2683,5712,10893,21684,13390,15192,2257,574,2033,14294,25372,679,28169,24196,14261,14930,7868,14020,21110,28017,27791,22393
747500	21684,12606,28169
12388250	18024,21684,23793,1539,28169,28391
5959000	26722,18024,8637,4949,21684,21110,4078,2683,20207,28169,25086,8689,3627,7868,14242,12352,18805,14153,251,6672
11121500	14020,24831,21684,9657,12220,18024,28169,10404,4667,13049,12168,19660,15799,20297
1517000	21684,7208,12285,28169,4808,27205
11158000	2159,9563,25169,5043,10193,26422,18024,16939,7105,21684,13494,8637,21657,28169,18977,21865,239,21930,7868
9694750	24541,21684,18024,23656,10914,28169,9838,12068,15383,911
4059500	12159,21684,28465,18977,28169,16463,21865,9549,7868
3524750	21684,17438,16818,4491,28169,4808,26871
2988000	6548,21684,15828,28169,21110,12606,22482
1622500	3151,11080,29203,17835,21684,24196,12285,18024,8662,24911,28169,22027,19179,25086,19381,7868,8148,14020
3892750	16406,21684,16609,18024,28169,2655,14020,22583,28059,15138
3363000	18024,25742,20207,15138,21684,16653,15315,28169,11465,9817,4949,11176,18868,8689,554,12352,3627
7785250	27961,21684,12132,28169,11790
10052000	21684,18080,7620,22280,143,28169,12754,10893,25372,3093,22126,21110,7680
12065000	21684,12453,18024,28169
12142750	9834,18024,21684,29099,28169,22749
8070000	29197,21684,27092,28653,14580,28169,10329,18024,11080
2033500	1325,20164,6154,20367,24503,13891,5009,712,17547,28184,21684,20015,18024,993,16217,23829,11679,28169,6672,11328,2257,28270,28370,251,12795,2683,12220,15405,15934,21110,23612,201,16110,25086,20207,7868,9817,11465,554,11176,8689,4949,12352,3627
11527500	1831,21684,18024,251,28169,21110,27791
8346250	18024,21684,1831,16939,28169
6061250	24929,10893,21684,18024,21657,1222,28169,12220,22359,20506,29203,16463,23612,11176,4949,679,14261
4025000	18024,21684,12220,28169,4571
3304500	8219,18024,21684,3592,18086,17512,28169,29099,22269,3804,25169,4931,13554,17228,24461
2148250	18024,28641,21684,12220,25329,22393,18736,6352,28169,2683,26973,12394,21110,14294
6754250	18024,1831,21684,20152,28169,17945
10224750	2613,21684,21393,28169,1481,11196,11679
3310750	4997,4172,18024,14952,7868,21684,993,12220,11465,23774,251,28169,15631,26722,4949,2683,21110,11328,18805,12352,15432,11176,20207,25086,3627,8689
364250	7868,18024,13844,14020,21684,4220,12162,2367,16540,28169,15584,24015,11882,16110,23143,12220,11196,11679
10840750	18024,21684,28169,14261,24385,7105
746000	6571,3720,21684,12435,18024,28169,7105,155,7868,21865
599750	21684,20386,12220,13049,18024,10404,4667,28169,9657,12285,12168,15799,19660,20297
4921000	18024,27407,21684,9912,28438,15534,28169,23549,15631,8689
4716750	24844,14265,2963,25820,18024,15018,11328,18805,1831,25318,12747,2971,21684,8511,9532,16603,20506,11465,28169,20472,8637,29099,20425,2438,29202,14294,22393,28410,11080,12220,13483,15584,26754,19993,12168,21110,2683
691500	19974,239,14498,18024,21684,21838,28641,21672,28169,12977,12431,26288,22664,7868
8280500	21684,28169,16674,17972
9103250	18002,14020,21684,16550,11080,7465,28169,11679,2655,12220
11949750	43,504,7868,25177,21684,13554,25415,28169,6571,5403,2198
3734250	21684,6290,28169
11494250	9131,4479,17945,9340,23662,11080,11396,4626,24869,11687,18024,21684,3702,17597,24601,9195,8257,27637,27092,23491,617,18075,15924,7456,12977,9620,28169,16500,7692,11679,11018,949,3390,15138,4949,16540,14048,27618,4931,15645,23143,27509,24780,7868,8676,17013,16406,27406,23779,4834,2257,29547,12220,17835,7105,3228,11196
6957500	1065,7552,24576,21684,19615,28169,12754,23861,16722,24898,13793,15534,22029
984500	18024,27791,19539,679,14265,29095,13592,23928,21684,16406,4949,14902,11196,11612,11080,28169,11793,12977,11176,2513,18730
8163500	3627,16110,11080,25240,21684,4949,3228,27458,8724,28169,26722,8689,8027,24608,23103,15022,18868,22621,26959,28438,2257
8096750	22077,21684,11196,28641,28169,5267,24887,21672,26485
7269750	18024,21684,28169,19475
8271000	26619,11080,21684,28169,28270,27625,11280
439000	13494,21684,11080,18977,11499,28169,7105,21865,647,6104,26404,22727,3390,2198,3362,12287,24060,16821,25415,7868
6003750	24541,18024,22749,23480,24517,8689,7105,21684,28463,9072,10726,11679,14227,1084,12285,2159,10193,4750,5053,16939,28169,13494,11080,23013,647,15414,18977,7737,21865,8792,22727,7868
10799000	18024,21684,28169
11923000	25086,2513,12977,21684,10268,911,14580,11328,28169,28177,21110,28937,18730,11652,11196,3228
2733500	21684,19824,13272,28169
11894500	17084,17400,21684,9295,26883,1392,18002,18024,16406,28169,16609,2655,14020,22583,28059,15138
11220500	18736,21684,28169,27205,12285
5697750	15138,476,21684,18024,28169,27791,2367
3266750	18002,21684,16550,28169,7465,5416,11679,12220
892500	29099,21684,18741,18024,3647,23516,2669,8689,4949,11176,28169,12352,23403,11670,17180,18805,239,7868,3627
776750	29331,29099,22043,2128,14580,14777,27401,7105,7997,9991,7061,21684,4329,26006,22359,21110,10268,11052,28169,25260,911,26699,28177,28937,2963,18388,29084,11196,11652,26722,7323,16406,18730,12977,16110,2257,3228
1767500	5598,21684,27977,18024,28169,20180
6571000	12252,22393,1773,21684,13878,28169,5470,13430,12162,4254
10588000	26883,18002,21684,16609,11080,18075,28169,9295,13020,3151,29203,22583,28059,14020,15138
8160750	17013,18024,21684,16406,27406,23779,4834,28169,2257,29547,15308,18529,17835,12220,7105,3228,11196
10185750	25260,18024,21684,819,12977,11052,3627,16110,28169,4949,3228,12068,9838,8724,26722,8027,911,2257
5642000	24598,12747,679,28410,4997,21684,22889,26722,14020,8689,3228,1228,12512,7868,16110,11679,28169,14153,29099,9985,11196,12220,16009,13450,21672,27160,29095,2257,23612,16406,12977,14902,27092,18730,11612,8662,10726,10840,12394,4949,11080,11176
282500	21684,19993,28169,12168,17400,6080,2803,12055,2683
1459000	25372,26614,21684,6147,28169
8215250	29099,28270,12977,21684,11682,14533,17061,19394,21067,18730,5285,28169,23896,18024,24628,11080,11679,21657,7105,1222,16110,14261
6852750	2963,7356,21684,12285,7822,11176,23612,16939,28169,27906,7208,18180,4949
11972750	17972,647,21684,28169,4846,7936,21693,7260,8689,15631
5143250	29547,20411,21684,18024,6287,19457,9563,28169,26394,5429,23549,16609,26614,21110,14482
8628250	18024,21684,15390,29465,28481,28169,26288,19005,20979
725000	18024,20902,11176,18730,16463,19615,14482,21684,28169,12220,255,14161,12352,20425,27638,25260,14580,12977,819,16110,11052,3627,3228,1831,4949,26722,8724,25372,8027,2257
2428500	18024,17153,9250,1396,21684,7680,28169,7868,17640
11711250	21684,21338,28169,10866,23861,1392,6175,24942
2807500	18741,11329,19379,21684,11196,3817,28169,27514,1010,29203,18024,1015,15019,12688,27117
7703750	18868,12394,21684,18730,3151,23304,27625,14020,28169,527,22908,25058,18075,7868
11984750	15502,24415,12795,5863,21684,8662,15432,12168,12220,11328,18024,18805,22393,20425,6672,28169,28370,7868,16110,2257,26722,21796,15934,993,11465,251,2683,21110,11176,4949,20207,25086,12352,8689,3627
6921750	13390,21684,8193,28169,2367,19458,12220,19197,29497
5440750	14853,9838,21684,11052,27210,12883,12168,2963,28169,25029,20045,19862
11503250	15584,21110,4731,21684,11080,3384,19458,23143,28169,23470,20516,11052,14209,6571,6326,24645,10014,26722,504
4215750	11391,18730,21684,1037,12251,19574,28169,11793,4571,23928
11683250	21684,28169,24196,24704,12541,7868
5994250	4220,7611,21684,27625,7542,23793,28169,18180
7184500	18024,6352,12453,9899,17393,21684,13471,13442,20470,4571,11080,2899,527,21533,24541,8689,28169,7105,9072,24517,14227,1084,28463,2159,13494,10193,16939,18977,21865,22727,7868
10057000	21684,28169,8193
9651250	21684,5639,28410,28169,13483,11080,15584,679,7061,15019,1598,12168,2683,26754
236000	12068,18024,21684,18275,28169,29203,8637,911
8848250	21684,18024,28169,24704
2688750	22393,15721,3181,1739,3774,21684,28017,28391,18024,28169,155
1324500	20470,18024,11080,8028,21684,24517,7105,8689,6305,9072,28463,14227,1084,2159,28169,10193,16939,13494,27927,18977,21865,22727,5336,7868
10979500	3228,11196,25687,2257,21684,18024,17060,28899,28169,25372
3350250	21684,3409,28169,14413,1672,3384,25420,12220,19177,18736,24765
4625750	143,10570,21684,26722,11605,17882,17945,26000,28169,14482,22484,5267,24471,9838,10840,22321,1428,15446
448250	21684,28169,15911
12204750	18024,21681,2208,21684,6571,28169,7963
6571750	20158,5661,21684,993,18024,28169,17706,155,11080,14580,16540,9193
1620500	21684,15138,28169,5833,12230,23735
11032250	2367,9111,21684,28169,28653,2963,18879
5999000	18024,21684,25193,28169,14265,26523
4533750	2683,21684,24514,28169,4324,21110
6634500	18024,21684,504,28169,6571
3149000	18024,18805,13162,21684,28169,9804,29008,24503,9486
5012750	18024,1335,5043,8799,21684,7868,10893,3228,28169,13020,3393,5053,2208,7963,11196
9035750	21684,20661,17977,7850,28169,9881,29099,18024
10927500	10404,3228,21684,28169,11080,14580
4922750	19891,7263,21684,28169,18013,2669,25733,18024
4963500	20536,10106,2655,13390,25372,7089,21684,22393,23928,1547,20154,25596,20803,17405,28169,25212,25989,7620,18024,20620,2683,14294,21092,21110
5742000	10694,21684,22307,28169,29465,5593,170,25261,19523
2557000	21684,28169,4571,7868
2006000	28899,17060,21684,18024,28169,25372
5751500	19680,2033,21684,11196,28169,21094,1392,12977,11679,14873
7405250	18024,27638,21684,17431,28169,21110,25372
8072250	23143,21684,22095,3228,749,28169,14020,6098,22,27033,19036,11196
6523250	3702,17597,27092,23491,8257,18075,18024,617,21684,7456,27509,12977,9620,8676,27637,17060,949,11018,11679,16500,4949,3390,15138,27618,28169,14048,4931,14020,15645,23143,24780,7868,16540,17013,27406,16406,4834,23779,2257,29547,12220,7105,17835,3228,11196
3257000	15534,24929,21684,13592,11080,20826,18024,28169,14796,27791,14261,12220,20506,7868,679
6257000	16540,22749,18024,21684,28169,23563,12285,23628,18990,3740
11283500	5987,10584,21672,28466,29099,21684,3145,2438,18180,14020,1335,25372,22583,28169,18730,13844,4220,10680,18002,21110,7465,2128,11679,16550,2683,12220
8060000	21684,28169,18024
10642000	8662,25570,12352,16754,7567,5053,23831,29099,11465,12977,21684,21334,26728,8257,18024,949,16406,16110,28169,7576,3228,12394,8689,251,4949,7323,3627,11176,20536
2476250	21684,18024,28169,21110
4004500	21684,18281,6571,21110,28169,19686,2683
10309250	5043,10999,21091,21684,15192,14942,14261,18024,28169
8573000	11679,18024,18730,21684,1047,28169,21110,9549,14261,28049,6158,16110
848500	259,2000,16110,11080,21684,12977,14261,24977,23628,7323,3228,19891,28169,7286,26722,22393,11196,16406,9838
9513250	21684,11080,20800,16420,11793,28169,1008,9195,22319,18024,414,23928
1244250	4709,21684,28169,1691,27670,4324
9906500	7620,8689,21092,21684,26298,12220,2683,18024,12394,28169,14294,23656,11328,155,5185,21110
7699500	23698,21672,3228,3979,2929,15934,11679,21684,12977,21067,360,3457,9912,28169,27092,679,28230,14182,9802,1222,22280,28410,8719,13592,18730,23928,11793,11080
7588000	18024,21684,16606,7105,18575,28169,10970,18712,28975,24831,9111,10329,28653
8940500	21899,21684,15159,14261,25372,7868,13784,21838,12674,18024,14020,4949,28169,4571,3720,15138,16463,251,11080,2655
12331000	21758,21684,6294,26614,4220,28169,28184,1831,7542,18180
11747250	24892,18024,9525,21684,155,18730,17959,28169,16918,13093,11244
5287000	21684,12394,12688,28169,18196,27514
12154500	18024,11176,2159,7611,10193,21838,20411,16939,21684,19197,13494,27791,28621,9471,8689,4949,28169,18977,5470,21865,7105,2568,9549,17640,7868
5155750	2999,15018,11969,12453,21684,14661,28169,23662,24669,18805,18024
1629250	25733,2669,21684,24601,9120,28169,29099,19891,18024
6299000	11080,21684,17438,28169,1481,16818,7868
2823250	10404,18024,14020,21684,11000,28169,28653,7096,9111,26969,25329,2610
8617500	21110,21684,28169,26619,4571,28270,11280,27625
12004000	17191,12754,21684,18024,16463,5081,28169,7680,16540,15307
11687000	251,28621,12394,21684,24669,19993,264,12160,15907,18805,10353,21336,21225,28169,21110,25240,5863,12168,27407,28438,15631,8689
7886000	25770,22321,22420,21684,11605,5094,4939,28169,1712,29203,9472,6880,1428,15446,5267
10578000	14073,13778,21684,28169,18227,26523,28992,18024
11300000	12063,21684,11000,18024,28169,25329,4479,2963,13701
2076000	21684,18024,28169,21841,16821,7868,25415,24886,3390
11612500	16672,18024,21684,18741,28169,18075,25372,5848,19974
2492500	10464,18024,21684,28169,19005,20979
8745250	21684,15883,28169,12220,14261,20506,679
7657250	12220,14265,13087,21684,29084,17748,12394,17013,1293,3145,26297,28169,29331,14580,27406,21110,7105,12977,10268,29445,911,28177,28937,11652,7997,11196,3228
1528500	12352,18024,18736,21684,11176,414,4949,8689,12977,28169,7248,21110,18466,28370,23781,5799,22749,23774,21092,3627
11440500	14226,21067,18730,23896,21684,18024,21657,28169,16540,1222,6571,11679,11080,7105,2179,679,16110,4731,504,14261
965500	18024,26546,18712,21684,26378,25003,28169,20297,2963
4336750	20846,21684,28169,16463,12220
1118250	5661,21684,4949,2159,28169,14794,21110,8278,26665,12394,24306,6672,11176,14294
1365000	14261,21684,12220,20506,11196,28169,3228,11080,14580,679
11646500	21684,28169,13975,21110
5467250	1822,2683,14294,21684,8763,28169,21110
7918750	22621,18805,21684,18024,28438,18275,28169,26959
1904750	12394,11080,21684,18730,8719,9138,13592,28169,18024,11793,22484,23928
252500	21684,18544,23656,28169,18805,12541,23861
39750	21684,28169
4133750	18024,29203,21684,15159,16754,28169,9919,21110,1831,14451,4731,20127,27638,25372
11078500	21684,28169,9275,18024
9973000	18024,21684,28169,18227,23475
1758250	3228,23143,2257,21684,18024,28169,251,28463,1831,27791
3010000	18024,21684,25372,12220,28169,18180,13975,4220
3312500	8689,21684,28169,19993,2683
6412250	18024,25372,21684,27638,2655,28169,8409,7260,15159
8324500	13020,3151,18024,11080,18741,21684,2655,24196,28169,29203,15138,9848,14020
380000	1392,12168,21684,9817,1773,28169,12220,12329,3627,22094,2128,14174,554
4547500	10151,18024,27060,21684,28169,7868,8257
5226250	251,28621,12394,21684,19993,264,24669,12160,18805,10353,21336,21225,15907,28169,21110,25240,5863,12168,27407,28438,15631,8689
12239250	18624,21684,12271,7868,25618,21838,22664,28169,20519,949,18024,26288
731750	17597,24601,27637,8257,27092,23491,617,18024,18075,3384,21684,7456,12977,27509,9620,16500,11679,11018,949,3390,15138,8676,4949,16540,14048,27618,28169,29008,15645,4931,23143,24780,7868,9195,17013,16406,15924,27406,7692,23779,4834,2257,29547,12220,17835,7105,3228,11196
2788750	27791,18024,29099,16406,29095,11196,21684,27160,10840,18515,23628,11431,14902,6918,11679,11612,5043,29084,28169,12977,13776,8842,2898,11080,8662,18730,7096,12394,4949,11176
6564500	19962,18024,16624,949,13450,2257,26722,21067,21684,4931,12220,10726,11328,24869,14153,7868,15639,10840,28169,8689,7105,11679,26576,27160,11080,23662,14020,251,29099,23612,8662,21672,3228,7323,12394,16110,29095,14902,18730,11612,12977,11196,16406,4949,11176
12015250	19514,21067,16550,3627,21838,7096,21684,20551,993,1481,3699,22556,2891,679,21865,28169,949,4949,10171,2257,11904,19421,7868,12220,12747,27092,14580,11080
4809000	21684,28169,1461
7445000	28759,527,23304,16463,21684,3151,27625,14020,28169,22908,7868,25058,18075
791500	4949,8689,11176,18024,21684,10810,21050,23424,28169,12352,554,28653,23492,8738,14712,20297,16606,10329,24831,3627
1661750	3324,18024,9802,18730,1731,21684,18075,2729,28169,15315,24196,14580,679,3151,14020,11080
12337750	18024,23928,21684,9817,28169,554,3627,21110,21092
11957000	18024,21684,12977,17060,21078,17438,17242,21995,28169,23907,16818,14261
8216750	18736,21684,14065,28169,27205,24281,12285
1173500	21684,7606,15730,28169,8049,8257,23421,15661,5598,20037,5848,20143
5238000	18024,8637,527,21684,20425,22393,29099,28169,12220,28410,21833,11080,15584,13483,26754,15018,21110,19993,12168,2683
10654750	12212,2270,21684,7552,28169
6694750	2729,20456,10329,21684,26298,18024,993,679,28169,1461,12977,7096,18075,13020,18730,11080,12352,22393,3151,15138,29203,24196,17606,14020
4782250	21684,15359,14261,28169,12220,9658,20506,10778,7868,27791,679
1906000	18805,26860,11328,2971,21684,16603,12285,20425,29202,20506,11465,1831,20472,28169,8637,9532,2438,14294,22393,28410,11080,13483,15584,26754,19993,12168,21110,12220,2683
11734000	7747,7868,21684,28985,12220,28169,20506,14261,14490,679
9782500	11330,11080,2655,16624,23612,21684,21067,18024,28169,251,11176,6352,23662,4949
3590000	9907,7567,7323,13390,16406,21684,28169,27035,23623,28924
6713250	24541,21684,18024,28169,27625,18805,24344,2945,1758,18879,2367
42000	4254,6203,18024,21684,23656,28169,20979,21565,13390
6872750	18024,21684,20393,28169,7868
7715000	13795,18024,21684,9486,21865,28169,2457,24978,11790,27961,7868
745750	11176,12220,29445,4578,17748,26699,12394,17013,21684,29099,1293,29084,3145,26297,29331,14580,7997,27406,28169,21110,7105,10268,12977,24869,911,28177,28937,11652,11196,3228
154500	15907,12352,13830,21225,21684,25820,4949,15138,12977,25240,18024,15934,14694,2683,28169,27407,28621,28438,25086,251,10353,20207,18805,5863,15631,21110,3627,12168,8689
12016750	24277,18730,9111,21684,18741,11849,28169,27683,28653
573000	26655,28438,11080,21684,7071,23214,28169,19962,19615,16653,18868
2331750	9620,18024,28653,2436,21684,29099,19539,8628,22126,1752,21092,28169,4571,10584,22732,7179,953,18805,7868
7976750	3145,26297,26806,18024,21684,29331,14580,7105,12977,7997,21110,28169,10268,911,28177,28937,11652,11196,25372,3228
8757750	21684,2669,25733,19891,28169,24601,23928,26288,18024
7286500	21684,28169
10095000	24628,15645,8278,5184,24601,21684,29099,7868,28270,11682,14533,17061,19394,19973,21067,18730,5285,28169,12977,18024,23896,11080,11679,21657,7105,1222,16110,14261
11936000	26973,18736,21684,13020,28641,1962,28169,21110,12394,14294
2364500	18024,3720,21684,7105,155,28169,7868,21865
3675000	11635,21684,7297,28169,1565,13779
10715500	15159,4078,24506,17084,13020,17400,21684,4731,18024,21899,4571,28169,3720,12674,14020,16463,25372,251,11080,15138,2655
8149250	13844,14020,18024,4220,21684,23143,12162,2367,17013,16406,28169,7105,7868,16540,4834,27406,2257,24015,16110,12220,3228,11196,11679
8111500	11018,12977,12747,21684,28169,527,14580,27092,454,23878,2257,11080
4259500	9111,11018,13450,3135,12220,18024,21684,7868,4997,8689,3228,26722,14020,11679,23628,16110,21672,28169,10726,14153,15315,11080,10840,16406,29095,11196,27160,23612,18730,12977,14902,11612,8662,29099,12394,4949,11176
11558000	7552,18024,21684,12674,28169,749,25372
10966250	11176,18805,18024,12168,5863,21684,27407,25086,28438,28169,21110,20207,3627,15631,4949,251,8689
5812000	19759,993,3308,11628,1831,4039,18024,17641,21684,155,24844,11328,647,9532,14265,15018,12747,29202,18805,2971,8689,25086,28169,16603,20207,2438,14294,3627,20506,29099,8637,11465,20472,20425,22393,12220,28410,11080,15584,13483,26754,21110,19993,12168,2683
10592750	23798,21684,15934,18024,7868,28169,25488
4256000	21684,18024,28169,14153,27791
5962750	5151,21110,21684,12220,7105,27446,21838,28410,9563,28169,15584,13483,26754,5803,16800,19993,12168,11080,2683
371250	13390,21684,18080,7089,3458,22889,20154,10106,20803,22393,28169,17405,25212,1547,25596,18024,25989,20620,7680,7620,2683,14294,21092,21110
11794250	21684,11679,28169,28924,12220
7345250	15138,21684,2750,18024,28169,13390,21565,22484,23656
10492250	16939,18730,26728,7105,11080,20029,18024,21684,18805,23662,11061,18977,21838,8996,4571,28169,21865,24984,20045,4949,7868
2187500	16376,21684,28169,27394,4254,2963,6158,23628,12162
3288250	11679,18024,21684,18730,3228,3390,28169,2257,14261,7868,1047,16110
2940000	14360,21091,28149,22393,9639,21684,20297,29490,25086,15138,11272,20470,647,4949,14694,28169,29084,3228,16110,904,15584,3390,13483,9838,18730,26754,28410,4709,15935,12220,19835,2257,14580,24519,11052,25260,24486,11080,2683,11767,12168,26722
8216500	8724,18712,25329,26722,12394,3755,21684,8313,3746,8027,28169,14159,27791,2257,22552
7476250	21684,28169,29099,27117,4571,24907,1037,23284,15019
6155250	5015,18024,11080,21684,5267,4059,18180,7850,28169,24196,13020,15138,4220,29203,14020
9394250	14894,9620,24780,11018,7868,1293,21684,23143,17087,19014,14580,18024,28169,17013,569,29203,23779,2257,27406,29547,28899,17060,7105,25372,3228,11196
4631250	3228,2683,13103,21684,18024,11176,7323,28169,29099
3799500	21684,28169,21768
5293250	11080,16463,11176,10778,11000,21684,15672,24929,7868,28169,14261,12220,20506,679
1086750	17732,21838,18024,21684,4571,2899,527,12453,17393,21533,13471,9899,13442,11080,20470,24541,24517,28169,8689,28463,7105,9072,14227,1084,2159,10193,16939,13494,18977,21865,22727,7868
5261000	11080,21672,21684,25329,11793,11000,28169,18730,13592,1591
4886500	7105,21684,5470,18196,26608,28169,18805,2568,9549,7868,17640
7003500	12977,9620,18024,7692,16500,11018,11679,8676,15138,21684,16540,27618,15645,23143,24780,28169,7868,17013,16406,27406,23779,4834,2257,29547,12220,17835,7105,3228,11196
5052000	20470,18024,11080,21684,24517,7105,8689,28463,9072,14227,1084,2159,28169,10193,16939,13494,18977,5150,21865,22727,7868
3511000	993,4220,12977,25346,21684,18024,28169,18730,1461,12352,18075,22393,7096,11080,3151,13020,24196,15138,29203,17606,14020
9173750	8868,21565,29224,18024,10872,4479,21684,29203,21815,10999,11052,25260,15639,11080,7560,28169,26722,19814,14020,8689,13020,12977,3627,7105,7323,2257,16540,3228,18730,1047,16406,14261,11196,11679,16110
3861500	21838,18024,4571,2899,527,21684,12453,17393,21533,13471,13442,9899,11080,24541,20470,24517,28169,8689,28463,7105,9072,14227,1084,2159,10193,16939,13494,18977,21865,22727,7868
1838750	21684,24503,28169,8637,4808,21110,17438,16818
8949750	21684,21962,28169,2217,4808,17438,16818
4118250	21684,3228,28169,18024,11196,5185
8051750	29389,6988,7465,21684,18024,13762,21110,16550,7936,8389,15799,28169,10404,11679,21911,14020,13737,20297,12220
11313000	4626,19814,11687,11080,9195,18024,21684,27637,9131,24601,17597,9340,8257,11396,617,15924,3702,6482,3390,27509,9620,14048,7692,28169,8676,13087,15138,27618,16500,23491,16540,27092,12977,1293,7456,24780,15645,11679,14580,11018,7868,23143,16406,4834,23779,17013,27406,29547,2257,12220,17835,7105,3228,11196
4304250	18024,2159,11080,10193,16939,21684,4571,27791,28169,18977,24929,14796,12220,20506,14261,679,7868
