10944750	7150,8719,10916,8689,13451,19673,1461,28752,25687,25372
12028500	17770,4626,11687,8257,17597,27637,3228,15311,24601,617,20823,15138,9620,27618,3390,7868,21392,24780,16540,23779,2257,4834,29547,12220,13390,17835,7105,11196
1206500	2899,17393,19514,21838,9899,21533,13471,20470,24541,11080,1084,18805,24517,14227,10193,2683,16939,4571,28463,18977,2159,7868
12154500	20470,11080,13226,1084,11176,27568,19962,7611,11328,26318,14227,11573,27791,4366,20411,4443,19197,26608,28621,18977,4949,9471,8689,5470,21865,7105,9549,2568,17640,7868
1620500	1195,5445,28774,12230,5833,23735
4716750	26860,13784,1771,12285,11328,2963,17641,22126,11628,19759,155,647,4039,4324,24844,14265,8511,25318,12747,1831,25820,21833,2971,9532,16603,18805,2438,20425,20506,29202,15018,11465,20472,22393,8637,11080,28410,21110,13483,26754,12220,19993,12168,15584,2683
4844000	13844,28362,14020,4220,5598,18002,16550,11176,26806,27396,21983,5086,11679,7868,12899,15934,24196,12220
5654000	4300,17926,25840,528,4775,4571,23861,29231,5896
5735000	17393,2367,9899,13471,20470,21838,11080,1084,7105,14227,2683,18977,21865,7868
5780000	26583,27257,26789,1000,25830,7059,1461,2128,26308,11328,23781,155,2173,16529,27955,21979,4807,11524,7037,14261,21071,5912,25510,539,19523,13734,19421,7856,5094,20979,23928,4411,11022,18515,15584,15315,262,10058,22313,17061,8313,17959,21092,18736,17214,22529,7061,5814,21336,15811
6061250	19632,5670,22577,3190,17117,10893,11176,4949,29203,22359,16463,14261,679
6458500	21336,11543,27791,574,8637
7860250	
8170750	11882,1966,23143
8622000	8702
8861500	2826
8869250	27407,25240,12168,18805,28438,15631,8689
10224750	4761,21393,25960,2613,1481,11196,11679
10229250	23774,21225,7297,15907,28621,23628,24869,24541,22179,21110,10353,27407,25240,5863,12168,28438,18805,15631,8689
10302500	14261,12754,23235,12220,8689,18167,2626,7409,20506,26087,6630,14065,28164,679
10546500	
1110750	22499,23295,13883,3458,2729,27791,12426,24571,20578
12015000	26900,13097,27028,5176,8024,14020,15138,7552
12173500	17547,15534,7868,16110,21426,28370,21110,29287,11465,1325,28184,11176,4949,8689,12352,15405,9817,554,3627
12388250	16939,23793,1539,28391
1971500	3151,7230,24869,7004,8316,22489,14415,14294,27791,16944,14065,26860,1739,22043,23019,19166,7654,5315,24070,4411,7692,18712,5834,17550,8385,7624,21919,7469,21715,14917,7096,4479,11000,13701,25329
2626250	21865,26523,25193,7868
3963750	16361,18575,23793,12175,24971,27615,24385,23475,26614,7868,12977,14020,13020,3590,3228,7096,3809,7356,19421,13737,11330,21067,23612,16624,26972,251,23662,11176,4949
434750	27458,12656,3228,6104,19394,6542,19973,16972,27511,4571,21911
5220750	19993,28621,21225,15907,21110,10353,5863,27407,12168,18805,15631,25240,28438,8689
5254500	2367,18791,19514,15918,12453,4694,11080,3536,13442,29539,15478,17393,11524,9899,25488,28391,22359,18072,14393,13471,20470,12717,24601,22043,3313,8689,1084,4336,7105,14227,9072,21672,18977,21865,22727,7868
5948500	6290,28057,28382
6067750	23698
6571000	22877,9192,27543,27052,15734,12252,11687,1773,13878,13430,5470,12162,4254
6849750	19394,3228,27928,12161,8049,24886,25372,15584,13883,25733,6246,4938,6757,29099,23556,19796,27965,2199,11679,2655
6977000	7105,14227,9072,18977,21865,22727,7868
7703750	3626,3651,7542,4958,23304,18868,27056,18730,8689,3151,527,12394,27625,14020,25058,22908,7868,18075
8149250	7105,27092,7456,11018,215,14294,7868,23143,12162,17013,27406,2367,24015,3228,11196,11679
8757750	20519,18013,19891,23928,24601,2669,25733,26288,18024
9288000	22126,12285,1771,8511,25318,17641,11628,25820,19759,155,4324,647,4039,24844,14265,1831,11328,12747,9532,21833,29202,16603,18805,2438,2971,20425,20506,15018,11465,20472,22393,8637,11080,21110,28410,13483,26754,12220,19993,12168,15584,2683
10696000	1547,25596,24440,20979,25420,3740,7620,21092,11022,19615,3458,14887,21110
11391250	7567,13390,9907,27035,23623,28924
1661750	7868,23793,12352,1731,13592,22393,22342,18730,9802,3324,18075,8689,28221,24196,10840,2729,15315,11080,679,3151,14020
1832000	28752,21865,25372,10916,25687,7868
2771250	26722,18730,23284,1494,480,29490,23475,26314,12606,28744,476,14694,2963,2513,789
2852250	19973,14533,15645,18730,28270,21067,143,14360,23896,19394,25871,17061,16110,11080,21706,27415,21657,11679,7105,11682,1222,14261
3001000	10171,527,11904,4571,3699,12747,12220,20506,27092,679,11080
3211250	27443,239,3228,11963,26006,1047,3390,4411,23662,12431,11076,15584,7173,6148,27155,16110,17706
3581250	20585,3093,11781,5086,26546,7680,17783,5848,12512,23214,23482,22126
4256500	4694,2410
5034000	19671,3723,5376,5987,19668,23223,29203,3145,18180,1241,14020,21672,13844,10584,20207,4220,18002,18730,16550,11679,7465,12220
5901250	2513,22482,12606,18730,14575
6257000	14795,16986,4709,12285,530,16540,22749,23563,18990,23628,3740
6996000	16067,13754,12165,6305
9720000	11849,29442,22168,19894,2771,13830,16315,21092,1392,26871
10057000	29497,22447,8193
11362000	12977,9609,5330,17232,4324,2963,10240,8693
11687000	25820,12977,10726,21865,16302,11524,24669,19993,28621,21225,15907,21110,10353,5863,27407,25240,12168,18805,28438,15631,8689
11847750	4571,10948,17020,21372,3555
12008000	16110,17061,4960,17647,16331,21657,11679,24274,7105,25618,1222,14261
12215000	5680,17547,679,11176,6652,11670,18805,29099,3164,7090,8689,18743,15934,25260,23284,28463,4939,9363,14261,20831,15639,3627,4949,14942,8637,7868,12352,6672
1969000	13354,4510,1282,19671,25687,5469,4411,5376,15887,19668,29203,3145,18180,18730,10680,5987,14020,21672,13844,4220,16550,18002,11679,12220
2132250	14159,22552
3089500	18196,4078,14020,1917
3552000	7105,24385
4770500	23049,18433,5797,18075,27092,12394,4808,28975,26871,24869,24196,5876,599,9609,15315,2610,9165,11679,13554,14020,20297,27191,12220,6988,10404
4809750	9936,23884,15672,24929,7868,11000,1831,14261,12220,20506,679
7002750	11080,5081,1831,1481
799000	21946,25839,24553,8278,16331,24341,28463,3555,29099,251,27791
8102000	22889,10106,22583,1547,25596,22393,768,7620,21092,14294,2683,21110
8666500	2457,12132,15269,15672,27961,11790
9035750	29099,17977,20661,7850,18024,9881
9163000	4571,6571,11482,18730,23475,23278,7748,7868,19973,4949,5594,26576,18805,11080,21672,28184,6096
9244000	9486,16177,18805,12133,6352,19514,2367,18791,27791,527,2899,12453,4694,3536,13442,4571,21533,11080,17393,24541,9899,13471,20470,8689,24517,1084,10193,7105,14227,9072,16939,28463,18977,2159,21865,22727,7868
1046250	7868,25142,10678,28463,4571,11396,18196,6621,251,2257,27791
10768750	17592,4683,8637,7868,12352,19993,6672,2683
10927500	27191,6988,10404,14580,11080
11046750	7169,8637
11339250	6828
12027000	26619,155,3720,21865
1904750	12394,27314,21092,13070,18024,21979,11826,9138,23928,22484
1906000	19759,8511,25318,4039,25820,22126,2971,16540,9567,11448,26860,10680,29202,12285,20506,1831,11465,20472,9532,2438,21110,19993,12220,2683
1909250	18180,27683,17680,11080,25372,7680,15992,19458,4731,3384,21110,23470,20516,6571,14209,6326,24645,10014,504
2138750	11029,14120,18805
2476250	7620,21092,21110
2874500	7323,21865,13888,22094,3047,28370,19422,4172,7910,10840,6203,14914,7868
2921750	23143,25142,18805,7868,4919,11670,22963,1831,3228,22280,26722,20184,25272,27371,251,5324,11201,7105,15584,15446,29547,14182,143,27791
317500	2683,7380,28463,10908,4571,2159,25086,12352,9620,18805,7868
3524750	6988,10404,17438,16818,4491,4808,26871
3849750	28049,6158,9549
39750	
4184250	29203,25329,15315,178,14695,16550,11983,11687,23928,11196,28710,4949,10788,12220,14020,241
4215750	9340,7230,12674,9878,15302,4125,4578,4281,2685,11391,20184,14573,14415,1037,12251,19574,4571,23928
4956000	13450,11176,28675,2891,15315,14580,11080
5108000	155,22556,23628,22359,10646,16540,4571,10193,27659,15718,12346,6148,27785,11465,7070,28463,15094,4949,10532,29547,12352,11176,4254,8689,647,14580,29203,14020,11080,3627
6874250	8511,25318,17641,11328,26318,21503,25820,19759,4039,1831,17214,20648,21833,9532,2971,29202,1771,4324,2438,11628,155,20506,647,15018,24844,14265,12747,11465,20472,18805,16603,20425,21110,22393,8637,12220,11080,28410,13483,26754,19993,12168,15584,2683
8040000	15159,22499,5043,12994,23285,9792,22914,1335,27205,13872,4571,18275,12541,21796,4762,18024,18805,4078,20300,18292,26464,11018,25372,5372,27791,7868,239,8257,16406,14020,22547,5429,17084,10151,17400,2655,15138
9103250	3720,9563,251,6655,11080,14020,876,12220,2655
9344000	18001,14795,17024,21110
9420500	2826,4731,25372
10095000	16624,17968,17348,16540,22489,3627,21092,10999,12977,3438,5285,18024,24601,26699,2836,14533,15645,8278,18730,28270,21067,23896,19394,11080,19973,17061,21657,11679,7105,1222,16110,14261
10831750	5640
11434750	13390,11176,21823,10840,7071,18758,20083,9985
2078000	11196,7868,4644,6839,7622,14446,251,24669,17752,29095,16406,4949,26608,16944,28616,18730,12977,11612,17449,11176,14902,27791
3257000	13592,8689,11080,15534,7868,14261,12220,20506,679
3590000	13390,7567,9907,27035,23623,28924
3787750	9111,11080,19421,19458,14020,25329,3658,7096,26969,2610
5898500	7105,23433,2683,17732,24519,4709,27371,7637,25260,24486,11080,12168,11767,11052,374,26722
591750	13390,5416,21565,12220
6523250	17629,17770,4626,17214,11687,8257,3228,24601,17597,617,14020,16406,17060,27637,20823,9620,15138,27618,3390,7868,24780,16540,2257,23779,4834,29547,12220,7105,17835,11196
71250	8775,18736,28641
7367000	11888,143,155,18730,13607,7061,15811,20297,21336,21975,15686
7687500	3174,6737,12182,16453,23748,13853,7868,2610,19574,8173,14603,3787,23662,18730,26607,22994,14498,682,28625,20803,12285,5369,290,12394
9811750	25596,10969,22846,12220
10064500	5376,5987,19668,5799,29203,3145,18180,18730,8269,14020,21672,13844,4220,18002,16550,28466,11679,22583,12220
11340250	22583,11196,241,6352,22393,2683,25329,21110,26973,12394,14294
11612500	2826,25372,15138,29203,18741,29334,16672,18075,5848,19974
12065000	7868,2270,12453
2676250	15446,9472,5267
3035250	949,16550,647,7868,22556,3627,679,25346,21865,2257,2891,993,10171,527,12220,11904,4949,13020,3699,12747,29203,27092,14580,14020,11080
3226500	2257,12220,14261,251,22240,18741,6621,25372,12394,27791
371250	13390,1691,26288,25372,29203,4443,9472,22889,10106,6880,1962,14182,4162,20803,7089,1547,25596,18024,20154,25212,17405,25989,7620,20620,21092,21110
42000	11578,11196,23656,8890,6203,21565,13390
4994000	17087,25596
5754500	29203,28752,3665,14784,15896,8725,24196,143,11790,8307,3954,12647,14020
7787500	24340,1831
8649250	16939,6571,18024,5267,16540,2826,29203
887500	7868,647,993,22556,3627,21067,18946,679,21865,2257,2891,10171,527,12220,11904,4949,3699,12747,27092,14580,11080
9173750	8868,2367,13784,12541,4949,28924,19962,11263,14097,29099,15315,10999,24015,29224,4479,21565,29203,21815,7560,15639,10872,19814,7105,8689,14020,12977,3627,13020,16540,3228,7323,18730,14261,1047,16406,11196,11679,16110
9628250	9030,4618,18024,5334,13672,23779
9706000	647,20425,6740,4324,2610,18678,904,21110,949,15935,22393,25933,16476,18508,9612,16823,3809,19120,29363,849,19835,3980,11487,12220,8637,19431,18805,14580,29099,20846,8689,23340,13765,13483,28410,26754,15138,24519,22094,6364,14694,25260,24486,20297,11080,15584,11767,26722,2683,12168
981000	22889,25570,26576,12737,2257,22393,23793,9985,23662,24869,16009,15639,4571,25260,15315,7868,29022,3228,4938,21672,10726,29099,10840,11080,13450,12220,16110,26722,4997,11196,14020,11679,29095,8689,16406,12977,18730,14153,14902,11612,27160,8662,4949,12394,11176
10054250	15799,10970,8425,11159,1079,4667,20297,19660
10619000	12647,4949
1459750	16609,26883,25830,13054,21110,12394,2128,22583,15138,12220,16550,28059
1966250	9846,3678,14360,21539,12394,20207,28410,23999,13240,12175,16463,23143,15639,155,7467,20966,6096,9486,11080,11176,25086,11328,6672,19615,7186,12352,255,14580,14161,4709,18730,9838,819,12977,3627,4949,25260,3228,16110,8724,8027,11052,26722,2257
3054250	25346,22393,5448,11931,8689,7248,12285,18075,13020,24196,3151,29203,14020
3293750	18075,7070,12758,26523,25193
3952000	29203,18730,3627,617,18180,14020,21672,15584,25917,13844,4220,19837,9111,13998,18002,29099,21844,13349,28631,4648,4479,11679,16550,2128,12220
4850000	15446,4794,12512,614,19980,1428,11605
4963500	2655,18002,26288,15534,16572,20536,4443,9472,22889,29203,10106,23928,25372,6880,25596,1547,1962,14182,4162,20803,7089,18024,7620,20154,25212,17405,25989,20620,21092,21110
5082750	29547,11080,18977,2059,17280,26631,11029,7868
5906250	26722,20184,3228,13784,25272,23143,7868,25142,28463,27371,5324,22963,11201,1831,15584,7105,15446,251,29547,14182,143,27791
5980500	83,25366
10393750	17531,21865,3438,29265,28992,2437,7868
11493000	9486,16177,18805,12133,6352,19514,2367,18791,27791,527,2899,3536,13442,4571,21533,11080,17393,24541,9899,13471,20470,4694,12453,24517,1084,8689,10193,7105,14227,16939,9072,28463,18977,2159,21865,22727,7868
11894500	16406,849,26619,24009,9548,9295,18002,22499,14020,15138
12231250	14360,2257,9838,19835,27155,14580,26973,12220,19539,2683,24519,4709,6246,25260,24486,11080,28149,12168,11767,11052,26722
1446250	1155,19751,23482,18712,20297,7105
1985250	12285,22583,29202,20506,1831,9532,11465,20472,22393,2438,14294,19993,12220,21110,2683
3188000	18025,16463,9567
3520000	22126,24984,12795,10325,4499,27791,10702,24669,7105,9563,16846,18829,29099,12758,20184,27927,14788,14020,2999,5254,23409,23928,21336,14415,1700,21919,28065
364250	3228,215,13844,4220,14294,7868,12162,2367,24015,12220,11196,11679
38250	21110,27160,20300,25260,28719,11196,17590,2513,29022,2694,11447,29095,16406,20626,8662,3228,15138,14902,11612,10051,12977,4949,12394,18730,14265,11176
4421250	7560,15315,15639,4479,14020,7105,19814,16406,21815,16540,13020,10872,8689,21672,11679,11196,25260,11052,26722,3627,3228,18730,14261,1047,2257,16110
5959000	26722,7868,25086,21659,27791,6672,4078,251,18805,14242,14153
6247250	28357,18874,8171,16918,10840,25618,22680,28626,22736,19615,15814
6564500	22393,15315,6908,7868,23628,28924,11790,11263,21950,4997,13494,19962,12220,251,21565,26722,7105,11328,14153,14020,15639,11679,8689,27160,26576,29099,23612,8662,21672,3228,7323,11196,12394,16110,29095,18730,14902,11612,12977,16406,4949,11176
7345250	2750,23656,15138
7699500	14261,11280,3390,3228,26127,21672,5848,23662,949,26722,1546,11767,2513,25488,23698,1031,679,11679,20955,8173,6602,15934,2929,3979,12977,21067,3457,14182,9802,9912,28230,360,1222,22280,28410,13592,23928,18730,11080,8719,11793
83250	7409,5131,18180,15434,7624,28885,25753,25329,6174,4220
10047250	4571,8976,17020,12132,21372,3555
11142000	28378,18180,3627,17407,9620,29099,12352
1381000	1831,14533,15645,22099,10857,18730,21067,28270,27637,23896,19394,11080,8724,16110,17061,25329,17958,29099,21657,11679,7105,1222,14261
2428500	28332,4986,17153,9250,1396,7868,17640
380000	12220,9817,12168,1773,12329,3627,2128,14174,554,22094
4102750	19149,5267,21787,22523,10026,26843,20585
4922750	23928,20701,26288,24601,19891,18489,7263,18013,2669,25733,18024
5027500	15859,7552,25372,22317,11201
5769750	12352,16116,4440,12688,3627,27514,143,18731,20147,26894,26614,16818,24503
5847500	29505,28504,1831,21865
6619500	28184,2257,6672,17547,993,16952,5221,15089,21067,28370,1917,16110,2683,15405,7868,21110,15934,25086,20207,251,11465,11176,4949,9817,8689,554,12352,3627
7927750	12674,22664,949,3032,20519,20279,15065,911,26341,18624,26288
8129250	19514,2367,3536,13442,17393,22999,21838,9899,11080,13471,20470,8637,18805,1084,7105,2683,14227,18097,16323,18977,25733,21865,7868
10018000	17400,251,12447,15138,2655,7868,15874,5429,27791
10063000	15192,8689,27791,25372,679,22889,2257,2033,2683,20207,14294,10893,14930,28017,21110,22393
10257500	29465,679,29099,4281,21632,22393,10893
10309250	8089,11734,18996,7105,15192,14942,21091,5043,10999,14261,9472
10513000	26614,6147
11111500	6621,4216,7868,28463,13962,2257,25142,251,27791
11321750	13888,28985,3564,27060,19891,28481,5661,4102,6284,21684,10879,6242,20206,27205,6348,22880,29330,4238,4262,15390,12358,4294,23338,3228,9906,13745,29547,21672,24907,17060,7997,11730
1148000	6672,1831,22280,15096,23284
11936000	25329,22393,28470,13020,2683,26973,1962,21110,12394,14294
12337750	20536,23928,13888,21110,21092
1240250	8625,21110,5470,25372,5998,18392,14294,1831,12220,20297,27791,14261,2160,8689,12394
145750	9620,27618,16540,11578,3390,7409,24780,7868,23779,2257,3847,4834,29547,12220,24242,17835,7105,11196
1517000	24087,15086,16302,7208,12285,4808,27205
1812000	17629,11080,19381,3536,27791,9486,25933,19416,17214,5185,6482,21628,19814,17770,4626,11687,27637,8257,24601,20823,23491,17597,617,12977,27092,7456,16406,11679,9620,15138,11018,27618,16540,3390,23143,24780,7868,17013,27406,2257,4834,23779,12220,29547,17835,3228,7105,11196
2251750	13084,29385,6571,7868,22727,23549
2492500	26655,20083,5557,16939,10464,20979,19005
5012750	23187,14818,10893,1335,15138,5043,8799,3228,13020,3393,5053,2208,11196,7963
5143250	28641,6880,13067,10949,17661,29547,20411,21110,9563,19457,6287,26394,5429,23549,16609,26614,14482
6848750	21225,15907,202,2891,21110,10353,5863,13354,27407,4307,22894,25240,12168,18805,7070,28438,22319,15631,264,21336,12160,8689
7286500	
7545250	13891,12162,29099,3228,2367,24015,11196,11679
8271000	11080,4571,26619,28270,27625,11280
8997500	
9782000	12394,7248,14020,18758,5367,6724,1831,16406,3151,29364,14902,5086
10069500	10193,6665,24447,8978,2683,16939,8637,18084,18977,28463,19973,21400,2257,21838,10740,18519,2159,15322,4571,7868
10401500	18977,28463,1583,11080,18465,13394,24541,17242,20979,2159,17959,8816,13258,24929,14048,12189,22950,27791,7868
10774750	22749,27199,11687,2899,14942,27791,1577
11167500	
11874000	15887,19671,10014,27625,18167,5376,5987,13354,3145,4510,1282,10680,18730,14020,21672,19668,29203,18180,18002,13844,16550,4220,11679,12220
1324500	2367,18791,26871,599,6980,12453,4694,11080,3536,13442,17393,9899,13471,12977,10404,20470,8689,8028,20872,1084,7105,14482,14227,9072,6305,18977,27927,21865,22727,5336,7868
3981750	15584,23782,28859,2257,14887,15602,18730,15446,25386,29547,5185,251,5053,22963,14182,7105,6520,22280,23143,3228,143,1831,27791
452750	8637,11060,14020,19973,15638,16460,12352,18491,22547,25488,7868,141,251,14796,10872,6672
47000	18835,22727,23549
5068750	
6003750	4571,21533,17393,9899,24541,16176,13471,20470,2257,16944,530,2033,6680,27487,3393,4949,15584,1084,24517,19814,3913,22749,10726,7105,10193,14227,12285,11679,2251,16939,4750,5053,23480,11080,28463,18977,647,23013,15414,7737,2159,21865,8792,7868
6754250	1831,26789,17945,20152
6867750	8024,4078,7552
7016500	12977,26546,25346,1461,18730,12352,11080,1366,22393,13020,29203,24196,14020
7190750	7868,25142,28463,9413,251,14526,27791
7320250	3032,20536,26728
7886000	24966,4970,4919,25177,13556,22420,29203,6080,5094,4939,1712,15934,6880,1428,15446,5267,9472
8033500	1547,25596,12220,27955,12435,7620,21092,6348,16939,6113,12489,21094,28653,20996,2471,21110
10261750	21092,7868,12977,18805,2504,17060,17405,26699,2836,17968,16540,22489,3627,17348,10999,3438,5285,24601,18024,8278,19973,14533,15645,18730,21067,28270,23896,11080,19394,17061,21657,11679,7105,1222,16110,14261
10588000	9209,16939,849,16609,26883,9295,22499,22583,28059,14020,15138
10790500	21067,11080,11679,16110,14261,7105
11730000	13787,11196,28286,422,17181,8296,1446,18024,471,12914,6193,18523,5443,23656,13390,21565
11972750	27407,28855,15159,17972,647,21693,4846,7936,8689,7260,15631
1724000	13103,24601,15639,6152,3308,7868,5443,12352,2683,29099
2168250	2367,18791,12453,4694,3536,13442,17393,11080,9899,13471,20470,1084,8689,7105,17732,14227,9072,18977,21865,22727,13494,7868
2870250	1461,27625,18730,12352,11080,17512,29363,22393,8327,15096,13020,14426,29203,24196,4003,7096,14020,17606
3795000	15934,16110,17407,7868,17547,24601,3627,9620,29099,12352
4853750	19955,21110,25596
4902250	12162,2323,14360,4709,23628
5052000	18791,25299,12453,4694,11080,3536,13442,17393,9899,13471,20470,8689,1084,7105,14227,9072,18977,21865,5150,22727,7868
6400000	3536,15065,20551,26737,2600,22371,18712,28270,9567,3313,15258,2452
711500	20470,9639,647,4949,7186,21091,9284,6246,11578,28410,29084,3390,28149,904,15935,17118,12220,14360,18730,19835,3228,16110,14580,9838,2683,24519,4709,2257,24486,11080,25260,12168,11767,11052,26722
9437500	22393,15718,8637,14694,11080,28410,13483,26754,489,15584,12168,2683
10492250	29099,18805,25260,28752,24015,4499,281,18977,18730,20029,11176,26728,3228,23662,4571,11061,26464,8996,20045,24984,4949,7868
10609250	7409,28694,155,21919,19702,5598,12977,5330,10240,20979,2963,8693
1074500	16602,9567
10845500	23623,7071,12512,18758,20083,11196,29497,28631,13390,9985,28924
11496750	3534,28898,6927,9829
154500	19993,21225,3627,15934,15907,13830,25820,12977,27407,25240,28621,28438,21110,10353,5863,15631,12168,18805,8689
1953250	13592,13020,5764,6783,16483,2683,12220,8719,15639,23984,11328,24415,14294,10176,27791,14261,12352,29203,647,6096,26722,25289,8313,2610,14020,12394,3658
2182750	7059,28184,5131,18808,8689,1539,19643
2378500	14153,14795,14580,26619,12886,16722,25372,19974,10014,5099,11196,18937,23774,3228
2920750	12068,3228,11864,13757,7071,12285,17081,14261,8669,15173,7868,15946,14119,22400,679,26699,21862,20300,16302,23538,29490,27155,23407,22359
3075000	
3363000	19962,19615,8082,25742,11465,16653,12352,8689,4949,15315,11176,18868,3627
4004500	15315,504,18281,6571,19686
4054000	28124,11304,24088,9090
4133750	29203,2655,7552,14248,16754,13020,15159,9919,21110,1831,14451,4731,20127,27638,25372
5187750	18730,12285,3228,21336,6148,26716,16550,949,10151,21672,647,993,29099,22556,3627,21067,679,7868,21865,19514,2257,2891,10171,1481,527,12220,11904,4949,3699,12747,27092,14580,11080
573000	7868,22621,26959,28438,26655,23214,11080,7071,19962,19615,18868,16653
7103000	15934,3135,17237,24764,1119,12586,16488,23662,28270,11080,13737,26754,27117,15423,5574,15019
7269250	13883,26180,8637,12426,23295,2729,24571,27791,20578
7476250	29099,27117,19416,24907,4571,1037,23284,15019
848500	10151,259,14261,24977,2000,23628,19891,16406,7286,26722,11196,22393,9838
9212500	14596,18002,7150,25372
9794000	9301,642,24886
9906500	7620,28411,8689,12394,26298,11328,23656,155,5185,21110
11032250	1758,2945,24344,2367,26699,2963,18879
1140750	25651,24172,17823,23782,27912,14261,2251,3285,6741,27060,15395,21865,19421,22313,1293,12541,7868
11564250	4846,9140,1831,6104,14969,25483
2200750	14261,13020,21899,16463,12285,8630,3720,26516,9315,251,4571,2610,29203,16768,11080,24506,18741,12674,14020,2655
2688750	19814,15721,1739,3181,3774,22749,28391,155
2737250	7105,11196,3228
4186500	27092,24385,18730,21067,11080,11679,16110,14261,7105
5239500	16939,14360,251,18805,14242,21110,14153
5491500	15390,22889,10106,4329,25372,8358,14265,25596,1547,2729,6331,29203,13390,1691,7620,26288,4443,9472,6880,1962,14182,4162,20803,7089,21092,18024,20154,25212,17405,25989,20620,21110
5994250	1831,4220,7611,7542,23793,18180
6766250	5324,7105,9109,11201,25142,28463,7868,15584,28945,6988,18805,15446,14182,4307,251,29547,143,27791
6957500	9111,14153,2374,22330,1065,29547,19615,24576,12754,16722,23861,24898,15534,13793,22029
7657250	7105,2043,13087,1293,3145,26297,14580,29331,29445,10268,28937,911,28177,11652,7997,11196,3228
835000	1752,21462,7868,5848,23202,5845,9912,7059,25642,13878,16722,207,11734,8637,25215,14048,14020,19632
8702500	17629,3536,27791,11080,25933,19416,21628,19814,5185,6482,17214,19381,9486,17770,4626,11687,27637,23491,24601,20823,16406,12977,27092,7456,8257,11679,17597,11018,617,9620,27618,15138,23143,16540,3390,7868,24780,17013,27406,2257,4834,12220,23779,29547,17835,3228,7105,11196
8949750	2217,21962,4808,17438,16818
9394500	26546,11670,15018,23781,18491,26712,14588,6880,29472,14533,8965,22371,16540,29099
10112000	6839,20996,21110,9817,3627,554,2471
10322250	4078,1880,11328,1731,28967,217,22087,10702,5185
11984750	6096,12220,14580,24601,15502,9486,25260,17547,15432,8662,24415,11328,28370,20425,6672,22393,15934,2257,21796,16110,26722,21110,993,11465,7868,4949,11176,2683,20207,25086,12352,8689,251,3627
1815750	3390,28391,5067
2788750	13450,14020,15315,10702,10726,14153,10840,11196,3804,24907,3228,27791,29095,11080,16406,3647,9914,29099,27160,18515,14902,6918,11431,23628,11612,29084,12977,18730,11679,8842,5043,8662,2898,13776,7096,12394,4949,11176
3149000	7868,13162,18805,29008,9804,24503,9486
3723750	1758,21672,6447,18024,3406,24194,5185,20846,14020,25372,5598,1831,12271,4078
4047000	7208,26737,18712,22043,3983,7105,29446
5968250	11196,14020,21840,8689,19962,11329,28924,21865,13097,11263,26516,15934,7868,19745,21565,18730,4078,29099,16110,3228,5086,12977,7323,16406
6205000	17153,27470,1461,9195
6654750	3438,1415,4479,7560,15639,18024,5285,22489,19814,14533,14020,15645,16406,28270,21815,13020,19394,17061,8689,23896,10999,10872,21067,11080,21657,16540,11196,3627,1222,18730,1047,11679,7105,16110,14261
7306250	21110,17676,28754,2669,4691,22359,12220,7868,2249,24379,20506,679
7513250	2826,5267,24590,1756,4078,29203
8145500	21883
8195000	25687,5598,7868,12271,2669,28410,8943,3034,25733,21672,11080,24519,1758,5185,18024,4078
9782500	11330,5856,11176,16624,26972,17550,21067,251,6352,23662,4949
980000	4238,28616,7105,13087,29445,3145,26297,1293,14580,29331,7997,10268,28937,911,28177,11652,11196,3228
11552750	23448,16011,27791
11683250	7868,14603,24196,24704,12541
11716000	29099,11176,15315
11923000	3145,26297,1293,29331,7997,14580,10268,28937,911,28177,11652,11196,3228
12371000	14020,25086,25570,23896,16376,17514,13592,9111,12737,2160,8689,8625,8992,2254,24541,5470,11776,25372,21110,1831,12352,27791,14261,12220,14294,12394
1699500	1831,24715,16716
1758250	28481,6947,6571,12560,7868,25142,2764,2257,251,28463,27791
3168000	
341000	5639,4003,22393,17958,16564,679,25840,8637,7061,28410,13483,1598,11080,26722,15019,12168,15584,2683,26754
5199750	23884,3995,911,9936,1831,7868,15672,24929,11000,14261,12220,20506,679
5293250	9936,4571,11519,1831,3995,24929,7868,11000,15672,14261,12220,20506,679
7034000	13265,23103,22887,17402,1392,251,26829,29203,3850,10014,27153,14266,27791
7163250	29099,18290,4571,20154,22609,19702,26595,18791,18805,12943,9567,17748,8689
7435500	7975,2669,25733,27950,18024
745750	13087,29445,21071,7230,4452,29099,3145,26297,1293,19339,4775,1666,14580,29331,7997,24869,7827,4578,10268,28937,911,28177,11652,11196,3228
8248750	9829,12394
9436000	14261,15992,11080,2179,19458,17680,3384,4731,23470,20516,14209,6326,24645,6571,10014,504
10185750	19615,12352,255,14580,14161,3627,819,11679,26722,12977,12068,4949,8724,8027,911,2257
1104500	2655,22889,10106,26722,3228,15637,29202,1547,1831,9532,25596,2257,2438,18678,12394,11196,7620,22583,22393,12220,14294,2683,21110
1934750	21838,25372,21110
200250	7868,20367,15934,16110,24601,5856,25570,19166,1831,17547,12052,29099,3627,9620,12352
266500	255,9657,9487,9486,10282
3266750	16550,17748,12394,10066,21110,12977,13888,5416,3228,12220
3310750	22319,24083,18730,7868,12352,21110,993,14952,4997,4172,23774,11176,11328,26722,2683,18805,251,20207,15432,3627,8689,25086
3588500	18712,4644,7432,23779,8689,23284,20846,530,18024,27791,27251,23782,1831,8637,21336
4376250	24669,28621,28368,15907,12790,16155,18281,10353,21110,5863,11524,25240,12168,19993,21225,18805,28438,27407,15631,8689
4533750	11431,1691,27670,24514,21110,4324
7003500	17770,4626,25090,11687,8257,17597,27637,3228,617,24601,20823,15138,9620,27618,16540,3390,24780,7868,23779,2257,4834,29547,12220,17835,7105,11196
764750	7868,251,29203,18805,21110,14242,14153
8070000	25733,29197,11080,18024
82250	7868,647,993,22556,3627,21067,679,21865,2257,2891,10171,527,12220,11904,4949,3699,12747,27092,14580,11080
8230750	11176,23612,11939,24841,4949
8523250	1731,11080,7827,21336
8633500	22027,23735,255,1950,5833,8148
8730250	16913,19416,8278,8257,1119,530,26297,1530,3145,16110,7007,10151,11080,18024,7542,11665,29331,28653,1501,57,4571,7611,14976,3913,10268,16500,28937,28177,11652,28876,28453,26288,24541,11679,12068,3228,911
8799750	16110,18730,11396,21657,3252,4571,8327,28410,4389,11679,1222,13592,11080,7105,18024,7868,12018,679,20826,14261
8848250	7827,24704
9039750	14020,4338,19814,27791,15988,5185,6482,9340,11396,9131,3702,15639,7868,14048,12977,23491,7456,27092,11018,16500,11679,13087,15645,23143,1293,16406,14580,27406,17013,7105,3228,11196
9199500	4081,3228,29099,4578,24969
9982500	19993,12168,16009,15584,542,9369,2683
1047000	29203,4443,9472,22889,10106,6880,1962,14182,4162,1547,25596,20803,7089,18024,20154,25212,17405,7620,25989,20620,21092,21110
10654750	12212,2270,7552
2768250	23421
3573750	15831,21672,778,4997,11670,11679,8689,18002,14153,25260,27160,14020,4949,8662,12394,11176,12220
382250	25372,10893,29084,18730,21110,3390,17118,904,14930,15935,14360,12220,9838,19835,2257,14580,2683,24519,4709,25260,24486,22393,11080,12168,11052,11767,26722
4392000	12394,25329,29203,4949,3658,26969,14020,2610
4423500	6911,8662,28653,8643,21515,29490,9111,11936,4147,24193
4557250	18868,21996,16653,27228,19962,7868
4680000	679,29203,16754,24059,16463
5155750	25086,12453,2669,25733,7432,8173,2999,15018,11969,14661,23662,24669,18805,18024
5238000	4324,4039,647,1831,24844,14265,15138,9620,9532,12747,3361,2971,29202,16603,18805,11101,2438,527,20506,20425,11465,20472,22393,21833,8637,21110,11080,15018,28410,13483,26754,12220,19993,12168,15584,2683
5440500	647,993,22556,17945,3627,21067,679,21865,25272,2257,2891,10171,527,12220,11904,4949,3699,12747,27092,14580,11080
5655250	16540,21865,27791,17214,17770,4626,5185,6482,11624,20047,11687,27637,24601,13853,14020,20823,23669,4338,23491,15988,9620,27618,7868,7456,27092,12977,9340,11396,11018,9131,3702,11679,14048,23143,7105,27406,16500,4834,17013,2257,15645,16406,12220,17835,3228,11196
6299000	25830,4808,11080,17438,1481,16818
7269750	4019,19475
7892000	15661,29125,14020,14194,28876,5267,9340,10928,83,28453,24541,3228,26288,2963,8489,11679,1530,16913,12068,25366,911
832250	143,22280,7868,25142,28463,29330,6520,18024,26670,23782,28859,5053,3228,251,22963,23143,1831,27791
8529750	12394,18026,9295,18075,9702,14925,22499,911,16939,16609,26883,14020,22583,28059,15138
8940500	24506,2257,5297,21899,18741,21838,23662,24172,16952,12674,13784,15159,14020,4949,14261,16463,4571,3720,251,11080,2655
9972250	9295,11196,13020,3393,22499,5053,2208,23187,14020,7963,15138
10592750	24196,13093,3804,23798,7868,15934,25488
10966250	21225,15907,4949,17087,13039,20456,21110,29224,10353,5863,27407,25240,14482,12168,251,18805,28438,15631,8689
2331750	11201,1752,1222,28653,20626,27179,4571,24385,22359,9620,19539,21092,8628,29099,7868,2436,10584,8689,22732,7179,953,22126,18805
3549000	14533,15645,18730,28270,21067,23896,19394,11080,12395,17061,16110,24869,21657,5285,11679,5957,5184,7105,1222,14261
3592750	15138,29547,5836,12168,14694,7868
3675000	8851,20338,15024,14292,10232,6498,9563,11635,7297,1565,13779
3751500	22359,15096,9829,20300,23284
4447000	18977,17547,16110,23829,11465,8689,11176,4949,12352,3627,7868
4814750	19514,26568,2367,18791,12453,4694,11080,3536,13442,17393,9899,13471,20470,8689,1084,7105,14227,9072,18977,21865,22727,7868
5336750	5043,8965,23251,20146,25272,12220,15344,26341,377,6096,14261,11000,20506,679
5467250	24922,23157,1822,19252,27458,8763,21110
6603750	7230,21110
6768000	4808,17438,16818
8435250	3438,22393,5285,29473,8278,7868,19973,14533,18024,15645,28270,19394,17061,16540,22489,10999,23896,21657,18730,21067,11080,1222,11679,16110,7105,14261
9121750	12133,8327,2000,15946,6352,18791,11029,27791,527,2899,19974,3536,13442,2367,21533,17393,19514,9899,24541,13471,20470,11080,21838,1084,24517,18805,7105,10193,14227,16939,2683,4571,28463,18977,2159,21865,7868
9202750	29203,4443,9472,22889,10106,6880,1962,14182,4162,1547,25596,20803,7089,18024,20154,25212,17405,7620,25989,20620,21092,21110
9946250	9912,23241,2899,155,26619,3720,21865
11535500	3228,13844,215,4220,14294,7868,12162,2367,24015,12220,11196,11679
11632250	24196,25022,12220
1247000	25381,20548,5043,18712,25635
2148250	2257,1962,8651,17640,22583,11196,25329,6352,22393,12394,2683,26973,21110,14294
2350750	18024,4618,13672,5334,23779
2882750	11330,8943,3228,7812,29225,4452
2968250	25086,11624,18200,21110,17331,28985,16463,14273,18805,1831
3405000	7868,5470,20918,5015,4389
5226500	4694,1084,7105,14227,9072,18977,8689,21865,3627,22727,23829,7868
5320000	4238,28616,23491,2683,6167,7456,27092,11679,11018,29445,23143,13087,3145,26297,1293,29331,7997,14580,7105,17013,27406,10268,28937,911,28177,11652,11196,3228
5438000	14145,21110
7060500	13461,29388,3300,26655,19005,23470,23214,20516,6571,14209,6326,24645,3384,10014,11080,504
776750	19829,21146,20695,3145,26297,1293,12394,16939,17748,12717,22168,2257,7061,29331,14580,14182,14153,14777,21110,9991,22043,4329,27401,10268,12977,26006,26699,18730,28937,28177,18388,911,22359,11652,29084,2963,11196,2128,3228
10212500	24788,12927,24081
1025250	13247
11022500	8689,28270,15423,26754,5574,22319,27117,15019
139000	23884,3995,911,9936,1831,7868,15672,24929,11000,14261,12220,20506,679
2033500	12886,22393,25260,26722,7473,1439,20164,1325,21796,24503,6154,2519,712,28184,20367,20015,993,1293,2257,28270,11679,12220,11328,5009,6672,17547,28370,15934,21110,2683,15405,16110,7868,25086,251,20207,9817,11465,11176,4949,554,8689,12352,3627
2808500	8625,5470,21110,14294,12220,14261,27791,24196,7560,25372,12394
4118250	155,18024,28967,21110,23656,10702,4078,11328,3228,11196,5185
472000	21565,6211,23584,23748,2963,3515,14647,25333
4804500	28465
4809000	27637,22211,14020,24178,9193,1461
4886500	4443,20411,19197,4949,28621,26789,9471,7105,8689,18196,5470,18805,26608,9549,2568,7868,17640
5248750	4239,7567,13390,9907,27035,23623,28924
5745000	20470,9639,11578,3627,26737,21091,7186,6672,9284,20658,28410,29084,3390,17118,4949,904,15935,14360,12220,19835,18730,3228,16110,14580,9838,2683,24519,4709,24486,2257,25260,12168,11080,11767,11052,26722
747500	17453,22482,10948,27625,25917,21110,12606
7854500	8689,19217,2421,7552,530,19962,12285,28924,11263,20207,4949,11080,679,8278,20484,18730,14902,24352,21565,22244,527,4571,16110,3228,12977,16406,29099,7323
8216750	14065,27205,24281,12285
10443000	29099,14482,1392,28378,4571,23928,13779,1222,13592,18730,11793,25488,23628,2373,8719,19466,27135
10653250	7868,2826,26034,18024,23096,4320,619,5267,18891,2574,23857,3828,24034,21392,29203,20180
11078500	2669,25733,9275,18024
11625250	28017,21628,3740,18990
11947000	3627,14261,647,21865,21067,2257,24417,2891,10171,679,12162,12220,11904,527,28967,4949,2322,15233,1758,3699,7868,8719,17959,21911,12747,16865,23482,20411,13103,9522,6505,27092,14580,11080
3312500	15631,21217,8689,19993,2683
3734250	6290
3892750	9295,18002,22499,14020,15138
4454500	3817,4059,28653,13737,11080,15138,28184,26699,1010,15934,3135,17237,24764,1015,28270,15423,26754,5574,12688,27117,15019
5264500	27508,2160,11776,8689,24385,11328,13054,1642,4172,26420,14020,27625,12352,14294,8625,21110,5470,25372,16550,14261,27791,12220,12394
6458250	11196,12285,23475,22280,7692,27205
6900500	14242,26866,6805,21659
7600250	4938,15315,11052,23628,23793,21672,7868,25570,4997,12220,14020,29099,26722,8689,11679,16110,24869,11196,14153,29095,16406,12977,18730,3228,27160,14902,11612,23612,8662,12394,4949,11176
7715000	19394,3390,9486,13795,24978,2457,11790,27961,7868
7797000	3228,15138,9620,27618,6447,16540,3390,7868,24780,24066,2257,6571,23779,4834,12220,29547,17835,7105,13942,11196
892500	28985,21930,10306,29022,29099,17446,3627,12688,15217,18741,23516,2669,3647,7868,23403,11670,18805,239,17180
10818500	18024,18730,1038,14261,9829,18196,13672,9030,4618,5334,23779
10915250	12395,23556,18075,12220
11141500	27625,2945,18879
1173500	13020,15931,15192,23928,24869,7606,23421,5598,8049,8257,15730,15661,20037,5848,20143
12204750	15138,3393,21681,504,5053,6571,2208,7963
1338750	27625,11363,9629,360,6571,12410,2966,13450,993,845,12352,12586,9620
2076000	3362,24816,24060,21841,16821,7868,25415,24886,3390
2448250	7868,21672,12541,24669,949
2891500	22989,14922,11328,1237,3047,23143,20425,28370,6672,2999,12394,27791,9838,9846,7186,25372,16463,23842,18730,15639,9486,21539,13240,12175,7467,20966,11176,25086,19615,12352,25260,3228,16110,255,14580,12977,14161,11052,819,3627,26722,4949,8724,8027,2257
2940000	3941,20846,22094,6364,17118,1337,4763,20648,14379,19500,4331,18835,15138,20297,28410,29490,14360,647,11272,1994,25086,14694,20470,9639,4949,18730,21091,9838,9284,29084,2257,3390,4709,904,15935,12220,19835,14580,2683,24519,11052,25260,11080,24486,12168,11767,26722
4059500	805,12159,24196,18977,28465,16463,9549,7868
4153000	9111,17921,17835,21883,9567,5043,18075,27539,3699,22621,20048,14942,12747,26523,27092,9912,21865,11080
415500	1325,18075,194,28184,28694,14020,27437,15405,3151,8689,9817,3627,554
4895250	20694,28418,1335,7248,26308,21067,25670,19166,16944,15478,24541,16624,23779,11638,12068,15423
5899750	25687,5469,4411,7248,13354,15887,4510,1282,19671,5376,5987,19668,3145,29203,18180,10680,18730,14020,21672,13844,4220,18002,16550,11679,12220
5911250	19166,20164,9563,6672,24503,6154,12220,1831,20367,12052,22489,15934,16110,24601,7868,17547,29099,3627,9620,12352
6014750	25570,11524,18575,15019,20996,3324,25214,4039,3719,2471,18712,28975,10970,10329,21110,9111,28653
7494250	3150
7976750	7105,25483,13087,19813,29445,26806,3145,26297,1293,14580,29331,7997,10268,28937,911,28177,11652,11196,3228
8049000	23774,3850,26180,11670,14319,21094,5706,17664,20979,25556,21092,14821,27544,14240,19993,22749,2683
8628250	14153,8630,28481,29465,15390,26288,19005,20979
10756500	6656,4949,26771,14942,26972,17706
10885750	23676,21865
1118250	3626,7061,27346,19096,11176,3068,9582,6672,15584,5661,13494,21110,14794,26665,8278,2159,24306,14294
12016750	1000,3647,27437,4807,15584,18612,28662,12078,5661,18353,10970,24277,9671,7248,10329,7061,18741,9111,11849,27683,28653
12142750	14486,9834,22749
1244250	7070,2963,10240,28183,7980,19951,4709,624,2764,1691,27670,4324
1767500	6690,7409,619,13450,5598,27977,20180
2386250	1598,24507,948,1008,26754,7061
2752000	19405,3164,5043,14074,14917,3313,5667,27514,8689,27906,26728,2042,12243,22179,11679,3032
439000	1084,8719,4351,4221,14227,27458,24486,3228,18835,20449,1041,11080,18977,11499,21865,7105,647,26404,6104,3390,12287,2198,3362,24060,16821,25415,7868
5061750	599
5962750	12747,9640,1950,17706,3228,5151,21838,24172,2683,7105,27092,14580,5803,27446,16800,9563,11080
7143250	21983,12865,29203,23896,13784,28641,13039,24281,28985,23251,15799,1773,13265,10404,3074,19941,7360,22366,20751,2771,26114,637,3181,26077,7613,217,22087,10702
9079500	4691,19514,27314,2367,18791,25669,25272,15741,12453,4694,11080,3536,13442,17393,9899,13471,20470,8689,1084,7105,14227,9072,18977,21865,22727,7868
9123500	16823,20425,7061,26789,7080,647,3809,19120,29363,849,7868,904,15935,3980,11487,22393,13888,21110,10176,19431,4324,29099,19835,2610,18678,23340,13765,12220,8637,14580,18805,22094,13483,8689,6364,28410,26754,24519,20846,20297,15138,25260,24486,11080,14694,15584,11767,26722,2683,12168
969750	13020,3047,28992,2367,29203,10240,24196,17823,2963,14020
10539250	26298,22499,10176,4486,2812,993,12977,25346,18730,12352,11080,22393,13020,1461,15138,29203,24196,14020
11137750	24869,25360,18024,22447,934,24669,12068,19891
1459000	14482,6290,6147,26614
1911500	28924,4949,9838,11263,25500,29203,6148,7560,29099,1073,21565,8868,15639,14020,13020,19814,16540,25260,4479,7105,11052,21815,26722,11679,12977,10872,11196,8689,7323,3627,2257,14261,16406,3228,18730,1047,16110
4097500	6672
4259500	12220,18805,21672,3228,11018,8005,4997,14020,9111,23628,11679,8689,16110,26722,3135,11196,14153,29095,16406,27160,15315,12977,18730,14902,11612,8662,29099,12394,4949,11176
4547500	20143,8173,15138,10151,26694,27060,8257
5037000	21533,22077,527,1084,18805,11196,24517,21838,11080,20648,2683,14227,21067,10193,20803,16939,19416,27508,28463,12068,18977,26722,6880,21140,4571,2159,27791,679,14796,7868
5279750	11196,29269,25211,6880,14956,3228,20386,2368
5726500	13020,22731,10059,25372,29203,24196,11080,23465,13779,14470,17244,25733,14020
7405250	15125,17431,25372
746000	3032,26619,6571,3720,12435,7105,155,21865
7568250	27791,14261,14153,14020,12220,27160,8689,4949,8662,11176,12394
8163500	12977,21092,9252,9502,3252,11080,7868,25240,27458,8689,24608,23103,15022,18868,22621,2257,26959,28438
8215250	5285,18024,24601,8278,25372,19973,15645,18730,21067,28270,14533,23896,19394,11080,16110,17061,21657,24628,11679,7105,1222,14261
9179500	19381,21628,9486,3536,19814,25933,19416,14020,17629,17060,17770,4626,17214,11687,8257,16406,17597,3228,617,24601,27637,15138,20823,9620,27618,3390,24780,7868,16540,23779,2257,4834,29547,12220,7105,17835,11196
9352750	17133,6548,18075,28759
9807250	9486,19514,23934,18791,2367,26699,12453,4694,11080,3536,13442,6096,17393,26722,9899,25086,13471,20470,8689,1084,19890,7105,14227,9072,21885,18977,18905,21865,22727,7868
9839750	18167,11328,24081,28410,21110
10799000	
10972250	5334,12491,13672,23779
11158000	11080,11396,12076,1084,14227,26422,24565,9563,25169,360,7105,8637,5043,18977,21657,21865,239,21930,7868
11494250	9486,3536,19814,25933,19416,17214,16406,17770,4626,11687,8257,17597,27637,3228,617,24601,20823,15138,9620,27618,16540,3390,24780,7868,8676,27509,23779,2257,4834,29547,12220,17835,7105,11196
11734000	13084,12220,26546,7747,28985,14261,20506,14490,679
11737250	20297,27191,599,6988,10404
11782250	18843,12220,7127,18002
2006000	17060,3228,28899,25372
2088000	13247,2655,21883,5403,617,16556,13020,27117,25079,4078,10949,2198,15019
3396250	9295,29077,22499,16609,26883,16939,14020,22583,28059,15138
3846250	12220,8719,12162,25380,8637,11080,1080,28410,13483,26754,12352,12168,11196,2683,11882,23143,11679,15584
4115500	21899,14470,26619,6731
4370750	15638,16343,4078,23628,7168,1666
65500	7868,3308,29202,21840,2452,5814,28463,12352,2683,24196,14623,28687,15639,6152,5443,29099
8072250	19514,14020,12977,23143,22095,3228,1392,749,22,27033,6098,19036,11196
1492500	17653,3228,3926,8637,2367,24886,26605,24015,16540,7868,11465,4949,12352,11176,8689,11196,3627,11679
1528500	646,26546,22280,24929,26585,1505,18736,7248,414,3627,18466,12977,28370,23781,5799,21092,23774,22749
1792000	28924,4172,11176,7090,9301,7910,23351,10840,20979,23338,20630,21565,23214,20154,16540,23623,14914,12307,13390,6203
2316250	26546,20694,28662,10948,23475,6621,18180,1390,15065,9657,679,9688,949,26288
2557000	4571
3317500	5598,679,17657,26614,7105,11864,24929,83,22113,1917,8767,1501,8261,11665,12688,25366,3032,27514
417250	3627,26800,12068
4378500	13020,2826,11857,4731,22947,16100
4503500	12220,4949,26754,4147,3627,11936,24193
4876750	4931,4949,12394,7868,11431,11378,20536,4080,11196,11080,949
6126750	26754,5574,25169,27117,24977,25117,15019
6872750	20393,7868
7184500	12133,18805,2367,19514,18791,12453,4694,3536,13442,6352,17393,11080,9899,27791,527,13471,20470,2899,8689,21533,4571,24541,1084,7105,14227,24517,9072,10193,16939,18977,28463,21865,2159,22727,7868
8156500	2198,5598,9620,18200,25372,12271,10999,12394,19974,25214,6665,6951,16420,8842,6447,4078,1831
8172250	14227,7620,18977,21110,7868
8528750	7868,15315,25142,15672,25372,251,16913,27791
9586500	10620,21865,27888,414,10795,17401,8860,7868
11114000	1831,20425,21110,20386,2257,25687,25372
11772000	
12015250	6672,14577,17959,23826,18730,11793,20626,29099,12285,3228,21336,21672,6148,26716,16550,949,10151,19514,1481,647,993,22556,7868,3627,21067,679,21865,2257,2891,10171,527,12220,11904,4949,3699,12747,27092,14580,11080
140500	18730,1831,12394,14625,23779
1641000	22484
2364500	11080,7105,2899,9912,26619,155,3720,21865
2733500	27638,19824,13272,14451
3014750	8689,2655,4551,1084,28166,14227,18558,9072,7105,1147,18977,24922,2353,21865,13471,22727,7868
3096750	8628,15315
3511000	18075,2610,20456,9472,19651,26298,4220,7850,18196,993,12977,1461,18730,12352,11080,25346,22393,13020,24196,29203,14020
4782250	10193,5724,15359,12220,9658,27791,10778,20506,679
5170500	26576,14020,25086,2257,18730,4571,28184,19973,4949,7868,18805,21672,6096
6233750	26619,21146,1831,3458,10014,10584,7542,4220,18180
6848000	14261,23622,26619,12977,24601
8017000	27390,18932,3719,27505,6672,22280,15096,23284
8353250	22204,7230,3438,4302,16331,7560,27205,12285
9076750	1547,7552,24869,29203,17748,8628,5712,2655,10176,3665,22368,14119,21110,13020,2826,25372,4731
9979000	3720,6672,22393,25260,21796,4571,14153,26722,21110,11080,20661,18805,993,6096,8628,2257,14242,7868,12352,2655,2683,25086,8689,20207,3627,251
10119250	12133,20425,19514,5087,18791,2367,12453,4694,11080,3536,13442,17393,9899,13471,20470,8689,1084,7105,14227,9072,18977,21865,22727,7868
11131750	4039,882,915,29472,10840,11080,25488,7868,11176,5738,10726
11631250	15828,29078,5598,12606,22482
11794250	23623,27035,164,27092,14025,29099,28924
3148500	15934,22126,8662,28370,16110,2683,21110,7868,155,28561,15405,7620,5306,25086,4762,28270,27346,20207,251,14894,11465,11176,4949,9817,16217,8689,12795,12352,554,3627
3245250	19615,454,23793,18730,255,12352,14580,14161,25260,819,12977,3228,23878,3627,16110,11052,4949,26722,8724,8027,2257
3326250	8943,20154,9389,27389,4163,614,9479,18712,24459
3404000	11465,28370,28653,11176,4949,1385,15911,9817,8689,18273,12352,554,8446,29,6246,3627,22246,905
4625750	1000,22749,29203,3151,24869,29197,530,143,10570,27791,17882,17945,14482,5267,9472,26000,24471,9838,10840,1428,22321,15446
5110750	3324,5590,934,1739,8414,18167,21146,26114,25793,1004,7096
6301250	14292,8689,14942,1031,25596,13209,7868,20555,8226,29547,11543,8637,22393,574
6380000	20327,15138,28059,24459,28425
691500	26523,6080,14119,15390,22547,23013,19328,834,27912,21840,14554,21672,14498,29445,239,12433,4270,20661,19974,28641,12431,12977,7868,26288,22664,27791
7918750	23103,7479,18868,15022,26404,18275,22621,28438,26959
8160750	17641,3958,2257,4834,12220,17835,18529,15308,11196
8327250	11000,25329,14917
8822250	25402,7868,18024,17483,18013,4578,25415,16821
9015000	4731
9513250	15584,11452,23861,20800,16420,18024,1008,22319,414,23928,9195
9671750	15446,2655,10169,7868,21110,14119,4731,26722,5267,2826,29203
11558000	19036,6290,12674,25372,749
1838750	21962,24503,4808,17438,16818
2198750	21672,8625,14294,18730,25372,5470,13216,14261,28059,14020,27791,21110,9250,13054,12394,16550,12220
2616250	
267250	20297,1237,18829,21925,7105,5053,15138,8313,15549,10690,679,2367
2807500	18805,24929,18024,29203,18741,11329,5557,10014,19379,11196,3817,1010,27514,1015,15019,12688,27117
2823250	4479,19421,13701,10970,11000,7096,28653,26969,9111,25329,2610
299750	21067,7868,679,2891,2257,527,24601,11904,10171,24869,12220,21865,4949,3699,12747,14580,27092,11080
3009000	21840,11000,7230,12964,14695,23214,1507,28347,28411,19014,17732,12327,15019,2033,27117,8724,22393,5627
393250	8689,3590,2891,13093,16361,7096,14153,3809,7356,12175,27615,19421,20154,27160,3228,14020,13737,519,11330,21067,16624,26972,251,8662,23662,12394,23612,11176,4949
5082500	25346,24385,13020,29203,7105,14020
5828250	9031,27191,599,26871,10404,6988,4808
64000	22556,3627,679,2257,2891,21865,10171,527,12220,11904,4949,14294,3699,12747,27092,14580,12394,11080
6807250	29202,3228,22889,7233,7868,10646,13394,8630,8327,5529,5712,2257,20207,679,10893,15192,2683,14261,25372,14294,14930,27791,21110,28017,22393
7211250	11328,5185,13390,21565,7061,23656
7568750	4329,18200,27205,1831,12285
791500	7624,11465,8689,21050,11176,23424,4949,9817,28653,20297,12352,10810,23492,8738,554,14712,16606,10329,24831,3627
8346250	6734,16939
8792750	1335,29078,12220,5598,25372
8909750	11280,25989,22342,15681,21092,20620,27625,24054,20803,28270,21110
11121500	20386,6597,8530,4667,9657,13049,19660,15799,20297
11129250	8719,17959,23826,18730,6672,11793,14577,29099,20626,12285,3228,21336,21672,6148,26716,16550,19514,10151,949,1481,647,993,22556,7868,3627,679,21865,21067,2257,2891,10171,527,12220,11904,4949,3699,12747,27092,14580,11080
11527500	7868,5305,25142,28463,16884,251,27791
1365000	12220,20506,14580,13737,679
1441500	27508,2826,12033,12670
1449250	21092,7868,12977,18805,2504,17060,17405,26699,2836,17968,3627,17348,16540,22489,10999,3438,5285,18024,24601,8278,19973,14533,15645,18730,21067,28270,23896,19394,11080,17061,21657,11679,7105,1222,16110,14261
1688750	25687,5469,4411,7248,13354,15887,4510,1282,19671,5987,19668,5376,29203,3145,18180,18730,10680,14020,21672,13844,4220,18002,16550,11679,12220
2103250	8625,23549,8689,21110,22280,5470,4220,18200,11022,25219,28855,24341,25372,12220,14294,7822,24325,14902,14261,27791,5458,20661,13737,7567,6724,13592,1831,12394
3684750	24059,16754,16463,1831
3799500	2683,15584,21768
4087750	5053,26670,13962,28859,23782,23143,25142,28463,7868,22963,1831,251,27791
448250	905,15911
4631250	18353,7868,20896,11176,3228,15934,13103,29099
4712250	14276,18388,2963,20902
5522250	25086,4479,18730,19615,19973,15315,25260,255,11176,14580,4571,28710,7048,14161,18805,12352,3627,12977,819,26722,6096,8724,4949,8027,21672,2257
5957500	24385,5267,24966,2826,29203
650750	28059,18202,17772
6904000	26546,10970,4939,10056,15446,9472,28653,9111,29203,26485,5267
731750	3536,25933,19416,28631,19814,17214,16406,23623,17770,4626,11687,8257,17597,27637,3228,3384,617,24601,20823,29008,15138,9620,27618,16540,3390,9195,24780,7868,15924,7692,23779,2257,4834,29547,12220,17835,7105,11196
9215000	2257,1962,8651,22583,11196,6352,25329,22393,2683,26973,21110,12394,14294
11352000	19421,6163,15155,11080,12352,7096
12331000	10014,21739,19540,21758,6294,28184,4220,26614,1831,7542,18180
1622500	11080,7868,28391,18771,18730,22393,29203,17835,7522,24831,25086,24196,8662,15584,19179,24911,19381,12285,22027,8148,14020
1627000	18977,21865,7868
1710500	2367,18791,19514,12453,4694,11080,3536,13442,17393,9899,13471,20470,1084,8689,7105,14227,28065,9072,14780,18977,21865,22727,7868
2232500	15672,6431,11060,911,24929,11000,12220,14261,20506,679
252500	6199,23826,14011,25086,18544,23656,12541,23861,18805
3010000	18180,13975,4220
3335000	
3781500	679,2695,28876,3228,28453,28710,26288,11196,24541,4949,11679,10788,12068,12220,14020,241,911
4317250	7260,18628,4172,8338,12173,5619,22029,15159,12220
4475750	10353,15584,20551,5863,19113,2227,4281,25651,9671,23103,24944,1803,18024,2683,17958,12168,259,23774,21796,27401,6539,25086,24869,11465,12068,20207,25372,15934,3719,251,11612,13592,12352,11176,18805,21110,4949,8689,3627
5078750	24015,13592,23628,25329,7260,14596,8483,23071,5310,17959,201,27625,12433,679,14580,4949,9111,27319,10329,554,7096,12220,21657,25669,9549,3740,1031,7465,18990
5287000	12688,18196,27514
5910250	554,937,26605,28525
6015000	12747,28410,14580,27092,11080
621500	12747,24844,11670,14265,2971,6326,29202,6143,16603,7868,18805,3723,24933,20506,21110,16009,20472,19973,11465,22393,8637,20425,11080,3308,28410,13483,26754,29099,19993,12168,15584,2683
6264750	25596,1547,7620,21092,1415,21110
6266000	22749,22393,11679,8637,11080,18292,28410,13483,26754,11882,23774,23143,12168,2683,15584
6683250	6918,18736,28641
6921750	637,28954,8193,19458,2367,19197,29497
7445000	18730,527,8689,12394,16463,27625,3151,22908,7868,27056,14020,25058,18075
8910750	1015,3032,11665,3469,18167,3590,11330,24503,10948,11196,29078,26614,24929,5598,27117,27514,12688
9651250	679,28410,13483,11080,5639,7061,15019,12168,1598,15584,2683,26754
9685000	3185,1428,17032,2198,5403,11605
9716500	11465,20297,14694,7868,4949,13086,28065,12168
9842500	11052,251,10353,14153,21995,5863,3190,12168,22319,14242,19048,21110,7380,7868,10908,8689,25086,18805
9973000	18227,23475
10642000	7105,27625,2655,23928,25570,9782,21092,16754,1966,10999,7567,12352,23831,5053,11465,8257,21334,26728,949,8689,7576,7323,12394,4949,251,3627,11176,20536
10933250	4076
1114000	13020,21110,22356,25960,4731
11646500	13975,21110
11939000	12977,25596,2257
1194750	7827,3068,6543,23103,25169,27052,24669,5306,3627,21092,20551,679,8637,4059,7400,83,25366
1531250	25260,26523,6092,6546,21110,3719,4676,21146,2963,1831,23338,12216,7026,28992,22442,24180,10247,22179,4078
1782250	8693,5185,5845,14415,12143,2568,24460,14788,3237,21110,18024,19374,155
190500	18465,4281
2704750	22359,647,6096,11547,26722,25289,13592,5764,2610,8313,16483,14020,12394,3658
29750	25687,5469,4411,7248,13354,15887,4510,1282,19671,5376,5987,19668,29203,3145,18180,18730,10680,14020,21672,13844,4220,18002,16550,11679,12220
3304500	7868,4807,10461,903,18217,15065,16540,6158,8219,11631,5081,3592,29099,17512,22269,3804,18086,25169,4931,13554,17228,24461
5256500	15874,11605,3775,20679,614
567250	19514,7354,27791,647,993,1481,22556,5093,7105,3627,9899,21838,679,6968,21865,2257,2891,19615,10171,527,12220,11904,949,4949,3699,7868,12747,27092,14580,11080
5751500	25488,7004,23928,15896,5268,15086,5336,19680,26434,11196,12977,2033,21094,1392,11679,14873
599750	29146,18072,530,18990,4667,13049,12285,20386,9657,15799,19660,20297
6571750	14580,993,20158,5661,17706,155,16540,9193
7383000	25142,7868,28463,2257,251,27791
805750	949,7868
887750	23662,25117,13737,11080,15934,3135,17237,24764,15423,28270,5574,26754,27117,15019
9044750	18879
965500	9671,20297,18712,26378,26546,25003,2963
10533750	17968,29099,3627,17348,13451,19974,16540,22489,10999,3438,27346,26972,17945,5285,18024,8278,19973,15645,14533,18730,28270,21067,23896,19394,11080,24601,17061,21657,11679,7105,1222,16110,14261
1165500	5574,15019,15423
1181250	5458,8339,14261,20831,9363,8058,15639,7465,15096,16169,29213,22749,7208,4949,14942,27390,18932,8637,8689,7868,12352,23284,6672
12275500	21657,23134,7572,5429,239,7868,9563,21930
2480750	22843,18172,22946,15249,19005,23284,20979
3295250	27205,12285
3742000	21796,20846,4125,21847,11357,4571,2669,13020,7297,23656,14482,5336,7868,26168
8243500	17770,4626,11687,8257,17597,23662,3228,27637,24601,617,20823,14048,29099,11176,15138,9620,3047,27618,16540,24869,17945,7868,24780,18075,3390,11776,4479,4949,23779,2257,949,4931,4834,29547,12220,17835,7105,11196
8324500	11080,22393,9657,13020,7943,2655,29203,28369,24196,9848,18741,14020
9351750	18730,11793,12588,29099,12285,3228,21336,21672,6148,26716,20626,16550,10151,949,19514,1481,647,22556,7868,993,679,21865,21067,3627,2257,10171,527,12220,11904,2891,4949,3699,12747,27092,14580,11080
9592500	19514,12747,18271,7868,9549,679,27092,11080
984500	25260,1237,11080,27791,7868,28985,20718,14265,19539,18730,2513
10185000	4571,19514,2367,3536,13442,17393,21838,9899,11080,13471,20470,1084,11029,7105,2683,14227,18977,21865,7868
10264750	25346,24977,14818,17945,24562,4220,7850,4731,14119,15446,10169,13020,2826,5267,14020,29203
10840750	24385,7105
11440500	19394,18730,26576,7411,20608,1803,23896,679,17061,21067,16110,15584,14226,17986,7936,21657,11080,16540,11679,6571,4731,1222,7105,2179,504,14261
1189000	28621,11679,3590,20154,11328,8689,6548,519,23628,7096,3809,7356,14153,16818,19421,3228,27160,13737,14020,16361,11330,12175,27615,21067,16624,26972,251,8662,23662,12394,23612,11176,4949
11896000	3176,19166,16564,10872,12068
1806750	20701,489,26394
19500	23662,6148,679,21865,11280,21067,27946,7868,2891,14048,2257,10171,527,12220,11904,14261,18353,25933,5086,17572,4949,3699,12747,2610,27927,20551,7096,27092,14580,19421,11080
2050000	24377,11022,14415,18996,5620,10702,17960,251,21336,15231,4053,12329,5306,26866,14242,21659,27791
232000	9486,16177,18805,12133,6352,19514,2367,27791,527,2899,12453,4694,13442,18791,3536,4571,11080,21533,17393,24541,9899,13471,20470,8689,24517,1084,10193,14227,9072,7105,16939,28463,18977,2159,21865,22727,7868
2988000	1822,17133,6548,15828,12606,22482
3216500	14020,20548,17823,18697,26121,21146,8028,27168,2963,28992
3719250	3362,17150,18624,4078,18362,4960
5139250	12285,3228,3390,18730,29099,1731,16550,18183,949,19514,17959,23826,21672,6148,647,11793,1481,993,10151,22556,21336,7868,3627,26716,21865,679,2257,2891,10171,527,12220,11904,21067,4949,3699,12747,27092,14580,11080
6354500	26159
6852750	11330,21067,16624,26972,251,1831,23662,12285,7356,7822,11176,27906,7208,23612,16939,4949
764000	23861,15081,16300,3740,18990
8314250	11080,19381,17629,21628,9486,19814,17214,16406,3536,25933,19416,11687,8257,17597,27637,17770,4626,3228,617,24601,20823,8676,15138,9620,27509,16540,3390,27618,24780,7868,23779,2257,29547,12220,4834,17835,7105,11196
8508750	22889,6290,10106,25596,1547,7620,21092,21110
9278500	
9488750	
10816000	
11949750	20300,16519,25009,12063,25177,13554,43,6571,5403,2198
12234750	4078,4510,949,22126,26614,10176,21110,26736,6980,10893,29465,21632,25372
12239250	26341,9688,14536,7868,21838,5856,15065,15838,25618,18024,22664,24541,12271,949,18624,20519,911,26288
3288250	25651,6395,19394,4750,10714,1047,7868,5592,3390,16110
3410000	12855
3977750	17060,14020,21869,25596,13975,17087,1461
4921000	21865,18990,1031,16672,15534,28418,14048,9912,23549,8689
5024500	18730,18805,9802,29445,13087,528,25029,3145,26297,20747,1293,29331,7105,14580,15138,7997,13888,29084,12220,10268,16550,28937,911,14265,28177,11652,12394,17748,11196,21110,12977,3228
5608250	26288,25372,4443,9472,29203,22889,10106,6880,1962,14182,4162,25596,20803,7089,1547,18024,20154,25212,17405,7620,25989,20620,21092,21110
5812000	26860,2963,22126,12285,1771,11328,8511,25318,11628,25820,17641,155,4324,647,19759,24844,14265,1831,4039,12747,9532,21833,2971,29202,16603,18805,2438,20425,15018,20506,22393,11465,20472,8637,11080,21110,28410,13483,26754,12220,19993,12168,15584,2683
6172000	12541,7827,24704
6713250	16768,17177,14261,24541,18805,5185,27625,1758,2945,24344,2367,18879
7361250	11080,13592,24541,9291,23928,18730,11793,8719,28410
7893250	28410,28992
7921500	15534,14020,4949,28087,23612,12674,22556
9394250	23491,15390,9563,7456,14894,27092,13087,11018,11679,23143,17087,19014,1293,14580,29203,569,17013,27406,17060,7105,28899,25372,3228,11196
10592000	29203,7868,18180,10014,19973,14020,18730,21672,13844,4220,4949,5598,6951,18002,16550,2257,16429,11679,1335,25372,12220
11307500	29490,18167,24944,28463,27155,8628,23407,27711,2463,12068,20300,22359
12384250	4300,12394,21747,5458,3658
2253250	16110,26722,14153,11328,26288,11652,16722,437,2257,2513,1591,7868,155,28189,9220,23525,527,1031,21067,11080,28975,18575,7105,14261,18730,11196
4189500	7868,6988,2251,10404,9165
4399750	6148,23207
5465250	21865
5915250	5053,476,679,8313,15549,10690,15138,18879,2367
6234000	24869,26699,12642,12438,18180,16463,1107,18051,4220,4571,3555,17020,21372
6683750	4939,29551,24977,14119,4731,14818,17945,24562,15446,10169,2826,5267,29203
7830250	28184,5779,17237,15405,25372,9817,3627,554
8096750	16722,23896,22077,23628,1630,20918,28641,24887,21672,5267,26485
8430000	17771,10480,7868,27328,8637
10000250	28256,5598,6171,19974,17153
10566000	19514,2367,18791,12453,4694,11080,3536,13442,17393,9899,13471,20470,8689,13554,3854,2319,11204,1084,7105,14227,9072,9486,18977,21865,22727,7868
10598500	7105,9563,8625,5470,14165,25372,24385,11776,14294,14020,14261,27791,21110,12352,12394,12220
10773000	28370,1831,28124,22989,11328,20608,14922,23143,6672,23842,20425,12394,9838,27791,7186,2999,9846,21539,16463,25372,18730,13240,12175,7467,20966,15639,11176,25086,9486,25260,19615,255,14580,12352,3228,14161,16110,819,3627,11052,12977,4949,26722,8724,8027,2257
11711250	20617,599,9609,21338,10866,23861,1392,6175,24942
12229000	12588,17389
1617250	5667,7061,19405,1505,23284,21919,21533,12283,27791,5077,18002,28463,11951,11329,2217
2756000	23928,13773,5403,2198,21110,21092
4257000	17453,14020,8689,25917,11679,10948,3228,16110,14153,26619,12220,21110,23475,27160,29095,16406,18730,12977,14902,11612,11196,8662,11280,4571,28270,12394,4949,27625,11176
4304250	9899,13471,20470,8689,1084,7105,14227,9072,679,18977,21865,22727,7868
4336750	16754,20846,29203,12220,24059,16463
4658500	1547,1670,21838,17455,11330,25960,21092,7620,12220,18075,12606,17453,25917,10948,27625,21110
6334000	10627,679,23120
6497000	7927,18233,20747
6780500	29465,25676,21632,4571,22393,29099,10893
8111500	12220,11904,4949,14580,26716,22393,12790,3699,11018,6148,12747,2257,527,454,23878,23793,27092,11080
9463750	11196,9295,18002,22499,16406,14020,15138
10297000	22908,7868,14020,20636,27056,25058,18075
10713250	617,3627,22633,14446,3720,201,2655,1031
11313000	11080,3536,9486,21865,8154,25933,19416,21628,15639,17770,4626,19814,27791,11687,8257,17597,24601,617,5185,6482,15138,13087,9620,27618,23491,12977,16540,16406,1293,3390,24780,7456,27092,11679,14580,11018,7868,23143,23779,4834,17013,2257,29547,27406,7105,3228,11196
12004000	3093,18683,22126,21110,17191,16463,12754,5081,16540,7680,15307
12377250	22313,24447,19023,24427,18730,12352,12394,679,5492,27946,22393,13020,19405,29203,5799,2729,24196,18075,15138,3151,8689,14020
1724250	12394,14580,17748,7868,23236,17450,21110,27791,23198,11196,12977,15269,15672,3228
2322750	3093,22126,7680,12754
3661500	9548,21110
4035250	27539,3423,26633,9340,3185,19660,8630,11159
4193750	13672,5334,21657,23779
4852000	7105,14227,9072,15584,7038,18977,29146,21865,22727,7868
5539250	2367,18791,155,24258,11080,3536,13442,12453,4694,17393,9899,13471,11983,20470,1084,7105,14227,9072,8689,18977,21865,22727,7868
5697750	679,251,8313,23273,15549,10690,15138,476,27791,2367
5987000	
6272000	26451,29103,20180,17400,6080,2803,12055
6998500	24015,19416,11465,19431,19973,29547,11176,4949,12352,8689,201,1031,3627
7116750	9912,4834,27637,12220,2257,17835,12541,14930,10308,11196
7323750	11687,3228,27637,27019,7868,24601,20823,7105,9620,27618,2257,4834,12220,17835,11196
7483500	9912,26619,155,3720,21865
8617500	10948,19973,21110,26619,4571,28270,11280,27625
10234000	9340,25086,14261,21565,14020,10584,10176,26011,8692,18712,24409,25570,11524,15019,3324,28975,25214,4039,3719,10329,10970,9111,28653
1074750	11793,18730,11573,20626,29099,14973,21336,26716,21672,949,3228,12285,6148,10151,19514,1481,993,16550,3627,647,21067,7868,22556,2891,679,21865,2257,4949,10171,527,12220,11904,3699,12747,14580,27092,11080
10976250	16952,14580,1533,27888,12285,14482,11196,11679
11283500	19671,5376,5987,19668,29203,3145,18180,18730,14020,21672,13844,4220,18002,10680,16550,11679,12220
1319000	5469,10449,599,5797,21849
154750	9486,3536,19814,25933,19416,17214,16406,17770,4626,11687,8257,17597,27637,3228,617,24601,20823,15138,9620,27618,16540,3390,24780,7868,23779,2257,4834,29547,12220,17835,7105,11196
1727500	28669,9563,11330,8943,29225,7812,3228,4452
3282250	12352,2683,2739,11857,29099
4501000	19862
528250	5598,21146,5330,7096,10240,12977,155,2963,8693
5846250	22280,6447,27791,12394,18200,1831
69500	14294,4691,10646,5077,1917,22947,23779,17119,143,17470,18730,18805,6352,28410,2929,17640,15315,25346,18196
7218000	20955,26619,17732,18630,7096,24669,2421,10702,19421,15584,6951,21936,12220,15859,22317,11201
7588000	3324,3627,17470,12078,25214,4039,3719,16606,7105,18575,24831,10970,28975,18712,9111,10329,28653
8555500	7542,1282,7762,19379,4738,27615,10741,25372,18180,5598,29078
861250	22393,7620,2826,21092,2683,29203,28707,14294,21110
10578000	20896,29213,14073,13778,26523,18227,28992
10979500	1831,20425,21110,20386,2257,25687,25372
11220500	16331,7560,11431,27205,12285
11590500	14821,17337,21865,17127,4003,10097,18741,17512,7096,14020,17606,7868
1499750	1831
1629250	18013,26288,21392,24196,28937,21758,24601,9120,25733,2669,29099,19891,18024
2187500	5470,24780,2323,29203,16376,28049,4709,4254,27394,2963,12162,6158,23628
3288750	
3625250	3555,4571,14482,4411,20549,6057,16609,7542,16085,17020,5625,18180,21372,26614
3861500	9486,16177,18805,12133,6352,19514,2367,18791,27791,527,2899,12453,4694,3536,13442,4571,21533,17393,11080,24541,13471,9899,8689,20470,24517,1084,10193,7105,14227,9072,16939,28463,18977,2159,21865,22727,7868
3913250	14159,12168,4235,28438,22380,5845,20154,13240,3626,15631,12220,14020,15159,10136,9230,9948,9242,8689,8409
4025000	22583,12220
4073250	11682,14261,12271,17153,27415
5121750	9295,18002,22499,14020,15138
6099250	1721,11823,25372,13244
620500	7975,26114,15345,18572,934,4571,6352
8123500	3390,22852,1591
10628500	19632,20386,20297,11524,12013,8483,15988,24944,14233,26005,24869,3185,22313,7037,23928,27035,7943,14486,21930,7059,18075,26619,20751,9846,4807,796,25386,6820,12159,28945,16463,6868,4078,27791,17094,4039,27117,2945,7045,23549,13784,5652,11263,21336,12285,398,28641,14294,18736
11535250	6096,20608,1831,28370,14922,11328,22989,23842,20425,2999,6672,23143,9846,27791,9838,12394,7186,25372,21539,13240,12175,15639,18730,16463,7467,20966,9486,11176,25086,19615,12352,255,25260,14580,14161,3228,16110,819,12977,3627,11052,4949,26722,8724,8027,2257
11616250	9829
12061000	7620,18075,16463,21110
12417500	15831,2208,15138,17959,15631,7963,8689
1530250	14120
2910750	1372
309750	4545,20902,15365
3272000	
3644250	18977,7230,20388,17781,14661,14580,10584,21865,8637,22727,7127,29473,16406,4381,4775,18843,7868
4620000	27709,14486,21110
5011500	15138,22489,6219,16463,23143,4078,3390,7868,24780,13749,569,20180,27406,29203,17013,2257,10532,11679,20484,11022,29547,27092,22280,3228,6331,23013,7105,23779,11196
5226250	12977,11524,10726,21865,16302,19993,28621,21225,24669,21110,10353,15907,5863,27407,25240,12168,18805,28438,15631,8689
5999000	25193,14265,26523
6250250	16564,4078
6412250	22029,13354,25372,27638,7260,15159
6700250	3228,8689,14020,8719,14153,11578,27160,7957,18575,9549,8662,23612,12394,4949,11176
6897000	4052,7626,23223,18544,24177,4300
725000	21539,13240,12175,16463,17835,1630,15639,7467,11052,20966,11176,9486,25086,20902,14482,19615,1831,12352,20425,255,14580,14161,3627,819,12977,26722,4949,25372,8724,8027,2257
854250	8943,4571,9881
1086750	9486,16177,18805,12133,6352,2367,19514,18791,27791,527,2899,12453,4694,3536,13442,4571,21533,11080,17393,24541,9899,13471,20470,8689,24517,1084,10193,7105,14227,9072,16939,28463,18977,2159,21865,22727,7868
11169500	5470,7105,993,19277,26608,6352,18180,366,19217,953,9549,2198,2568,10014,4220,14294,7868,17640
11957000	13380,4808,12977,17060,21078,21995,17242,17438,23907,16818
3249250	19539,11080,7868,28641,26394,1237,18730,2513
4063000	17400,6080,2257,14573,6148,18689,2803,19974,12055,11196
4967250	8689,1084,28391,7105,14227,9072,18977,17642,3528,21865,22727,12431,6101,7868
5693000	12285,13784,22547,4949,16768,5429,17084,10151,24506,15159,25372,14261,17400,16463,18741,21899,251,12674,3720,4571,11080,14020,15138,2655
6751750	27791,26699,13737,510,599,3658,3068,16243,28463
7322250	6175,24942,23861
8745250	12033,7706,23086,14261,15883,12220,20506,679
9512750	11080,20800,25651,28135,17880,19903,13285,10584,21593,27205,23779,4239,28924
9802000	15138,24601,21501,5883
11601500	11904,2257,14020,4949,527,679,3699,20658,2655,12747,647,6190,28117,7511,14580,27092,6299,12220,11080
3215500	9645,11679,2128,28059,16550,12220
3344750	12220,27427,26333,28177,2421,2042,28524,12078,4452,26614,11022,1771,24196,684,20579,8805,5310,2771,3313,7542,28435,28463,29099,18290,17748
3954500	16603,18805,18292,7976,931,20425,26315,15860,22393,12162,11679,8637,11080,28410,13483,26754,11882,23143,12168,2683,15584
4195500	8792,18905,27407,18097,28662,12285,15315,9802,20694,7868,20456,7737
425500	8313,27205,12285
4852500	29331,1530,18024,28653,1501,57,4571,7611,14976,3913,10268,11080,10151,28937,7542,11665,28177,11652,16500,28876,28453,11679,24541,12068,3228,26288,911
5261000	24788,11410,13592,21581,15308,1591
6150750	2655,4835,17429,18185,26523,15831
6155250	1773,25346,5015,2826,13020,15661,5267,4059,4220,7850,14020,29203
6515500	21657,23251,23793,29099
7375000	20184,6951,12220,21936,11857,15859,25372,22317,11201
8216500	25308,28481,6148,22916,8313,18712,25329,3755,12394,3746,2257,14159,27791,22552
8845250	21110,4039,16722,143,18286,6550,10133,24196,23628,18516,13962,26699,554,23928,4127,24565,17297,25138,17214,25596,6092,15446,25631,12008,14020,18736,26464,28653,13070,21979,11826,12394,22484
9694750	24541,8662,9486,28409,11679,7552,10914,12068,15383,14550,14887,911
11300000	7624,21919,8689,18712,14917,7469,21715,8375,7096,12063,11000,25329,4479,2963,13701
11579750	17770,4626,11687,8257,17597,27637,3228,617,24601,20823,8410,15138,9620,12132,27618,16540,15217,3390,24780,7868,23779,2257,4834,29547,12220,12688,17835,7105,11196
11701500	16481,12285,26679,9567,4281,24737,29203,14020,17760,22052,4366
11751000	21110
1579250	25372,7105,14573,5336,13737,8698,25641,5598,15921,12271,1831,9906,25424,21160,4953,24194,4078
1793250	14930,679,24196,21067,14020,2033,22393
203750	8693,12977,25372,18075
2797750	4571,26619,11790,20595,11280,27625,3658,28270
282500	3850,19993,17400,6080,2803,12055,2683
3895750	12933,5469,12475
4907500	27618,5712,24196,16540,5086,3390,7868,24780,23622,23779,2257,4834,29547,12220,17835,7105,11196
5440750	16243,25260,9838,14853,23206,970,20701,11052,27210,12883,2963,25029,20045,19862
6458000	1681
7810250	21336,11543,27791,574,8637
8280500	13971,19,16674,17972
8573000	12162,18730,19828,2323,14261,1047,9549,28049,6158,16110
861750	22280,5660,15096,251,23284,27791
8701250	19767,1884,19974,21672,19973,6096,18805
9055750	12220,6951,21936,2669,25733,15859,22317,18024,11201
1063000	26754,24196,24929,5574,22749,20551,530,14165,27117,22280,28481,15019
11225500	22368,25960,8869,29203,1547,3740,7552,11175,23342,1831,16463,24869,14119,2655,2826,10176,8628,25372,13020,21110,4731
1561250	993,21110,6672,7096,15639,8495,17547,12557,15934,20425,22973,14261,4691,16110,2683,679,22393,17706,9620,7868,25086,2257,17945,20207,11465,13891,11176,4949,251,8689,12352,3627
2975500	8689,24975,13592,9953,21565,12220,24196,29099,6143,12352,7105,23793,29095,16670,14226,11196,11612,4949,3228,18730,11329,16110,7323,11176,19745,21865,14902,15934,12977,7868,5086,16406
3350250	3409,12220,14413,1672,3384,25420,19177,18736,24765
418500	9295,22499,18002,14020,15138
4606000	7620,19615,3458,15383,21092,14550,14887,21110
5865750	1681,7105,9462,1031,9745,24016,13087,29445,4171,18296,4238,28616,1293,14580,7997,3145,26297,29331,10268,11196,911,28937,28177,11652,3228
6140500	10702,637
6634500	2198,504,6571
7785250	2457,12132,27961,11790
7898750	2683,18977,21838,26894,24503,7868
8060000	24601,18013,19891,19882,2669,25733,18024
8385000	22889,25372,1547,25596,1548,8528,16463,12754,26332,21092,9111,7620,22126,504,3093,19217,18080,7680,21110
11503250	7680,11080,21967,4731,27683,21110,3384,23470,19458,20516,6571,14209,6326,24645,10014,504
11613500	19514,2367,18791,12453,4694,11080,3536,13442,17393,9899,13471,20470,8689,1084,14227,7105,9072,18977,21865,22727,7868
11747250	9620,16154,155,282,22218,18730,24892,17959,9525,16918,13093,11244
12386500	476,5053,679,8313,15549,15138,10690,18879,2367
3031750	28391,527,2783,19514,7061,6880,10872,29203,27198,19772,6908,4479,15584,13020,21672,18388,6114,19814,17060,679,27501,14261,15639,18131,16540,15988,4571,14020,29095,11679,3627,7105,19962,28924,11263,11612,8689,14902,1047,21565,4949,11196,29099,11176,18730,3228,12977,7323,16406,16110
3114000	13112,2655,15259,23928,21110,20536,21092
405000	1135,15138,25372,2655
4256000	251,18741,23019,17771,3324,24944,7692,5661,16331,14153,27791
4880250	25372,14482,1831,3382,27096,15617,16463
5354000	21392,619,10014,18990,27977,29203,18024,13450,21110,20180
563500	24541,24517,15032,14227,3219,10778,10193,18805,9620,5260,4571,18977,28463,21838,2683,2159,16939,7868
5642000	29084,19962,21110,3228,23662,2504,27683,25260,21672,7868,14873,24598,14020,4997,11679,7812,25424,3181,26722,29099,17331,8689,28410,26121,14153,2257,12512,29203,1228,27160,22889,9985,16009,8662,13450,10726,10840,12394,4949,11080,11176
6412750	5014,23676,12666,7208,6929,3719,17060,11080,15019,14580,3304
6572500	17945,5443,3308,7868,12352,2683,29099
10052000	23482,15307,504,11696,19217,25372,12610,7620,18080,143,10893,22280,12754,3093,22126,21110,7680
11397250	23541
11761750	1325,28975,28184,3913,11524,15405,9817,3627,554
1838000	21372,11259,2963
3903500	15514,27609,14020,1392,15138
5292000	19974,21345,11670,23779,8643
5407750	3850,26480,16821,11080,27060,178,16373,6352
5742000	16716,25248,8238,20668,15874,24018,10694,22307,29465,5593,25261,170,19523
5952250	5094,6827,5067
6258500	11524,20300,934,20471,12068
6433000	17087
7149500	2306,20645
7450000	14533,15645,19973,20661,28270,8637,9220,19394,21067,23896,18730,17061,19962,22393,11080,27791,16110,7868,21657,11679,12977,1222,7105,29202,14261
8051750	16550,12202,29389,21110,15799,13762,8389,14020,7936,21911,13737,20297,12220
8100250	8689,1084,14227,9072,7105,22489,18977,21865,22727,7868
9069000	19217,679,2683,15302,3677,11864,17405,14294,14930,28391,24534,11456,9620,8689,17446,7868,2257,19937,11573,21110,22393,28017
9438000	25117,24977,15019,12220
10312750	2899,20425,20015,28270,1293,21796,28370,9563,28201,13891,11328,5009,12220,23783,22393,993,21110,12886,25260,20164,24503,6154,2683,20367,6672,2257,15934,25086,17547,16110,7868,9620,20207,251,11465,11176,4949,8689,12352,3627
10477000	
10521000	11080,8689,6856,1084,21315,7105,17920,14227,9072,26169,19105,9472,18977,9045,23076,13779,25770,9471,15761,10225,10409,21865,22727,15874,7868
10715500	5429,13784,4949,17084,10151,24506,25372,15159,17400,18741,14261,21899,16463,12674,251,3720,4571,14020,11080,15138,2655
1525000	19381,17629,11080,9486,27791,3536,21628,19814,25933,19416,5185,6482,17214,17770,4626,8257,17597,11687,23491,27637,617,20823,16406,24601,12977,27092,7456,11679,15138,11018,27618,9620,16540,3390,23143,24780,7868,17013,27406,23779,4834,2257,29547,12220,17835,3228,7105,11196
1855750	16540,22489,10999,24385,18730,21067,11080,11679,16110,14261,7105
236000	17690,18275,8637
239250	27060,9842,16854,7616,12647,28481,25372
4037500	14523,26614
5059000	4366,23928,414,11196,19102,16668,9195
6358500	504
6694750	3228,22499,5053,3151,23007,20253,679,10329,27149,18075,20456,9472,25346,26298,993,1461,11080,12977,13020,18730,12352,15138,29203,22393,24196,14020
847750	12728,2669,25733,19891,21684,28169,18024
