6619500	9817,11465,11176,4949,554,12352,8689,3627
145750	12220,17835,7105,3228,11196
2350750	
12008000	14261
425500	12285
4853750	
8430000	8637
4256500	2410
9039750	1293,16406,17013,28177,12977,29547,28937,2257,27406,14580,11652,7105,3228,11196
12215000	14942,4949,8637,7868,12352,6672
591750	12220
11947000	27092,14580,11080
5256500	614
7367000	15686
4956000	14580,11080
7927750	18624,26288
9982500	9369,2683
6572500	29099
10443000	19466,27135
1710500	21865,22727,7868
9706000	13483,15138,22094,6364,26754,25260,14694,24486,11080,20297,11767,26722,2683,12168
3913250	9230,9948,9242,8689,8409
11307500	20300,22359
9351750	27092,14580,11080
4195500	7737
5292000	23779,8643
1194750	679,7400,25366,83
5108000	12352,14580,14020,3627,11080
1617250	2217
10018000	5429,27791
8145500	
12371000	12220,14294,12394
6867750	7552
1319000	
1832000	25687,7868
3188000	
980000	12977,911,28177,28937,11652,11196,3228
5139250	27092,14580,11080
6099250	25372,13244
2050000	21659,27791
2316250	26288,949,679
10533750	7105,1222,16110,14261
4557250	7868
6250250	
8909750	21110
7116750	7105,3228,11196
1815750	
1971500	7096,13701,11000,25329
5170500	7868,18805,6096,21672
11111500	27791
6996000	
7016500	17606,14020
6264750	21110
9202750	21110
10302500	28164,679
3114000	23928,20536,21092,21110
452750	6672
3404000	12352,554,6246,22246,3627,905
1063000	15019
6126750	25117,15019
6766250	27791
1579250	4078
12417500	8689
8156500	4078,1831
3245250	18730,22393,8724,26722,8027,2257
4423500	24193
8195000	5185,18024,4078
11632250	21110,12220
5034000	2128,11679,16550,7465,12220
8845250	26464,21979,11826,13070,12394,22484
154750	17013,16406,27406,23779,4834,2257,29547,12220,17835,7105,3228,11196
11493000	18977,21865,22727,7868
9079500	18977,21865,22727,7868
65500	29099
6515500	
832250	1831,27791
10054250	4667,20297,19660
4503500	11936,24193
11142000	29099,12352
4376250	27407,15631,8689
5901250	18730,14575
10521000	21865,15874,22727,7868
1561250	11465,11176,251,4949,8689,2257,12352,3627
7568750	1831,12285
2182750	8689,2257
190500	
3977750	
10401500	12189,22950,27791,7868
4814750	18977,21865,22727,7868
3226500	12394,27791
3588500	8637,1831
6247250	19615,15814
5987000	
11552750	16011,27791
10322250	10702,5185
7483500	7868,21865
3148500	16217,11465,11176,4949,12795,554,8689,12352,3627
11169500	7868,14294,17640
10598500	12394,12220
4880250	23143
4102750	20585
5655250	17013,15645,27406,4834,23779,29547,16406,2257,12220,17835,7105,3228,11196
3293750	25193,26523
341000	12168,11052,679,2683,26754,26722
6654750	18730,7105,1047,11679,16110,14261
4475750	25372,12352,4949,21110,8689,3627
7190750	27791
7163250	8689,17748
12231250	11080,25260,12168,28149,11767,11052,26722
12386500	2367
9842500	25086,18805,7868
3009000	8724,22393,5627
6205000	
1727500	3228,4452
4907500	7105,3228,11196
4680000	25372,16463
4454500	27117,15019
2251750	22727,7868
382250	21110,28017,24519,2683,11080,2257,24486,25260,22393,12168,11767,11052,26722
5952250	5067
239250	
9044750	
10696000	21110
5199750	12220,14261,20506,679
3952000	16550,2128,12220
2756000	21110,21092
140500	23779,1831,3627
11496750	
7600250	11612,18730,12977,23612,3228,8662,12394,4949,11176
2704750	3658
232000	18977,21865,22727,7868
415500	3151,9817,3627,8689,554
528250	16406,155,2963,12977,8693
10069500	4571,7868
1530250	
1189000	18730,8689,12977,12394,3627,23612,11176,4949
4378500	8689
5754500	14020
7810250	8637
7513250	29203
3520000	28065,14020
4852000	7868
9839750	2683,21110
8622000	
3549000	16110,14261
3396250	15138
8353250	27205,12285
8123500	
8910750	27514,12688
299750	14580,27092,11080
1969000	7465,2128,11679,16550,12220
5011500	22280,23013,7105,3228,23779,11196
4035250	
12275500	21930
7450000	679,7868,16110,14261
3795000	9620,29099,12352
8528750	27791
5354000	21110,20180
2874500	4172,7910,6203,14914,7868
1531250	11176
4054000	
2103250	12220,11176,12394
5279750	3228,2368
1812000	7868,17013,27406,16406,4834,2257,23779,29547,12220,17835,7105,3228,11196
5828250	
6233750	4220,18180
11761750	3627,554
4186500	11196,7105
2797750	8689,3658,28270
9794000	
6266000	23143,15584
5059000	9195
4097500	
2626250	7868
9685000	11605
11225500	13020,4731,21110
4370750	1666
8523250	
847750	18024
9244000	18977,21865,22727,7868
8102000	12220,19993,21110,2683
1792000	11176,13390,6203
6412750	
9463750	22583,11196,28059,15138
9076750	25372,4731
1782250	21110,155
11782250	
4852500	24541,3228,12068,911
1074500	9567,14261
6354500	
11874000	2128,16550,11679,12220
7218000	11201,22317,12220
11022500	15019
11579750	23779,4834,2257,29547,12688,12220,17835,7105,3228,11196
10790500	7105
3089500	14020
5248750	28924
5608250	21110
4399750	23207
10831750	
2768250	23421
8701250	
7921500	14020,22556
3344750	18290,17748,29099
11601500	6299,12220,11080
1699500	16716
9802000	5883
11321750	7997,29547,17060,11730,21672
5780000	19523,17214,5814,21336,21092,15811
861250	21110
11701500	
6897000	
3981750	3228,1831,27791
9344000	21110
854250	7868
3326250	
8702500	7868,24780,17013,16406,27406,4834,2257,23779,12220,29547,17835,3228,7105,11196
8017000	23284
10566000	21865,22727,7868
7797000	17835,7105,3228,13942,11196
5336750	679
3282250	29099
981000	18730,12977,14902,14153,11612,27160,8689,3627,8662,12394,4949,11176
3249250	7868
3954500	12162,11882,2683,23143,15584
10064500	16550,22583,12220
2168250	18977,21865,22727,7868
6458250	
6998500	11176,4949,554,201,12352,8689,3627
11535250	12352,255,14161,14580,25260,12977,3228,819,16110,11052,3627,4949,8724,26722,8027,2257
6172000	24704
1525000	7868,17013,16406,27406,23779,4834,2257,29547,12220,17835,7105,3228,11196
4844000	24196,12220,7868
1492500	7868,4949,11176,16110,8689,12352,11196,3627,11679
3035250	15138,29203,24196,27092,14580,14020,11080
11362000	2963,8693
7545250	12220,29099,11196,11679
10628500	28641,12285,14294,18736
11391250	28924
2088000	4078,2655,15019
7687500	5369,290,12394
5024500	11652,17748,12220,12977,12394,11196,21110,3228
4073250	27415,7868
2200750	14020,2655
7854500	16110,3228,12977,16406,29099,7323
4087750	1831,27791
317500	18805,7868
1446250	7105,20297
4063000	12055,11196
9782000	
5491500	21092,20154,20803,18024,17405,25212,25989,20620,21110
11772000	
4850000	1428,11605
4153000	21865,11080
11339250	
620500	
7306250	7868,679
11137750	19891
4037500	
5915250	15138,2367
5082500	7105,14020
69500	17640,18196
2808500	25372,12394
5110750	11176
10000250	
200250	9620,6672,3627,12352
2852250	11682,16110,14261
650750	
10976250	11196,12285,11679
7375000	2655,11201
6380000	28425
12173500	11176,4949,15405,8689,12352,9817,554,3627
10773000	255,14161,14580,25260,12352,3228,16110,11052,819,12977,3627,4949,26722,8724,8027,2257
11131750	10726
12028500	23779,4834,2257,29547,12220,13390,17835,7105,3228,11196
11847750	
805750	
6334000	
5254500	21865,22727,7868
1838000	2963
405000	2655
9807250	18905,21865,22727,7868
7143250	217,22087,10702
1140750	12541,7868
7103000	11080,27117,5574,15423,15019
3903500	1392,15138
3963750	11330,16624,21067,12977,251,23612,23662,11176,4949
5693000	15138,2655
11114000	25372
6358500	504
11730000	23656,13390,21565
9288000	22393,12220,28410,11080,15584,13483,26754,21110,19993,12168,2683
1909250	14209,6326,24645,10014,504
5910250	
10592000	1335,11679,12220
3054250	29203,14020
12061000	18075,21110
10264750	14020,29203
1381000	16110,14261
6400000	2452
3719250	4960
5082750	7868
3031750	1047,5086,4949,14902,11196,29099,2257,11176,18730,3228,12977,7323,16406,16110
10653250	29203,20180
7435500	18024
6603750	21110
5407750	6352,11080
7361250	2683,28410
38250	4949,18730,14265,11176
2771250	789,2963,26722
3787750	26969,2610
1247000	25635
3684750	1831
3317500	12688,3032,679,27514
9972250	7963,15138
2870250	7096,14020,17606
8997500	
7323750	12220,17835,7105,3228,11196
3573750	12394,11176,12220
7898750	24503,7868
799000	27791
5968250	5086,16110,4078,12977,7323,3228,11196,16406
6015000	3228
9946250	7868,21865
1793250	2033,22393,14020
2921750	14182,29547,143,27791
434750	4571,21911
5847500	21865,7868
861750	27791,23284
5522250	18730,12977,26722,8724,6096,11176,8027,4949,21672,2257
12234750	29465,21632,25372
4770500	27191,6988,20297,10404,14020,12220
5654000	5896
9121750	21865,22727,7868
8792750	
4895250	15423
11590500	14020,17606,7868
3405000	4389,26722
2378500	25372,23774,3228
10047250	
4712250	20902
6150750	
3581250	22126
10312750	16110,20207,9817,7868,11465,11176,4949,554,8689,12352,3627
10112000	21110
2232500	20506,14261,679
203750	18075,25372
4967250	12431,21865,22727,7868
11046750	
9123500	20846,26754,25260,24486,14694,11080,11767,26722,15138,2683,12168
4047000	2655,7105
11434750	18758,20083,9985
5906250	143,27791
10212500	24081
3216500	28992,2963
1855750	14261,11196,7105
1206500	7868
1966250	9838,1047,12977,819,18730,4949,25260,3627,8724,3228,8027,16110,11052,26722,2257
1104500	12220,14294,2683,21110
1934750	21110
5187750	27092,14580,11080
2891500	25260,3228,12977,16110,255,14161,11052,14580,819,3627,4949,26722,8724,8027,2257
4876750	11080,20536,949
10816000	
5121750	22583,28059,15138
1047000	21092,21110
2920750	27155,23407,22359
5226500	22727,23829,8689,3627,7868
3751500	23284
621500	15584,13483,26754,19993,29099,12168,2683
6900500	21659
9436000	6326,24645,6571,10014,504
5078750	7465,554
9586500	8860,7868
10768750	6672,19993,2683
1148000	1831
6780500	10893
9592500	11080
5898500	11767,11052,374,26722
6234000	3555,4220,4571,17020,21372
11896000	
3723750	14020,4078
10609250	2963,8693
4193750	11196,23779
3211250	27155,16110
5438000	
1074750	12747,14580,27092,11080
563500	7868
9055750	18024,11201
9716500	11176,3627,4949
3661500	
3014750	22727,7868
10944750	25687,25372
2322750	15138
3849750	9549
1911500	11679,12352,7323,7105,11196,2257,8689,16406,3228,18730,14261,1047,3627,16110
10546500	
8172250	2217,7868
9069000	21110,28017,22393
4317250	15159,21110,12220
11340250	25329,26973,21110,12394,14294
9671750	4731,2826,29203,11052,7868,26722
11397250	
3644250	18843,7868
11564250	6104,14969,25483
12377250	8689,15138,18075,3151,14020
1046250	8724,8027,27791,2257
5220750	15631,25240,28438,8689
7034000	27791
5037000	21865,14796,7868
5745000	12220,16110,3228,2683,14580,4709,24519,9838,24486,25260,2257,12168,11767,11052,11080,26722
2386250	2683,7061,26754
5911250	4949,9620,6672,3627,12352
6497000	
6683750	2826,14020,5267,29203
2138750	
2448250	949,21672
5865750	3145,26297,29331,10268,28177,28937,11652,11196,911,3228
9811750	12220
1499750	1831
6272000	17400,6080,2803,12055
5735000	7868
417250	3627,12068
1110750	20578
3625250	26614,21110,21372
4809750	12220,14261,20506,679
8314250	17013,16406,27406,23779,2257,29547,4834,12220,17835,7105,3228,11196
9179500	17013,27406,16406,23779,4834,2257,29547,12220,17835,7105,3228,11196
4184250	28710,11196,4949,10788,14020,12220,241
1240250	8689,12394
5264500	21110,16550,12220,12394
11616250	
8799750	20826,679,14261,7868
8049000	20979,22749,2683
1181250	7868,12352,8689,23284,6672
6700250	12394,4949,11176
8170750	
8666500	11790
12384250	3658
3846250	11196,11882,15584,23143,11679
3895750	
9628250	18024,23779
6848750	264,12160,21336,8689
10756500	
6977000	7868
309750	
2882750	4452
8129250	21865,22727,7868
7892000	3228,911
2198750	2128,12394,16550,12220
2253250	11080,14261,7105,18730,11196
11737250	
4658500	17453,2683,21110
7322250	23861
11129250	12747,27092,14580,11080
9215000	21110,12394,14294
10539250	1461,15138,24196,29203,17606,14020
9438000	15019,12220
5726500	25733,14020
7060500	11080,504
4447000	12352,3627,7868
1025250	13247
9512750	4239,28924
10774750	27791,1577
12229000	17389
8822250	21110
9212500	
5239500	14153,21110
1459750	15138,28059,21110,16550,12220
9199500	29099,24969
7002750	1481,1831
472000	23584,6211,3515,14647,25333
4257000	12394,27625,4949,11176
6751750	28463,3658
8435250	1222,679,11080,11679,7105,16110,14261
83250	4220
7830250	3627,554,25372
9394500	29099
1688750	7465,2128,11679,16550,12220
5769750	16818,24503
2676250	
10818500	14261
3742000	26168,7868
8243500	949,23779,4834,4931,2257,29547,12220,17835,7105,3228,11196
3096750	
8040000	2655,15138
1114000	4731
19500	19421,27092,14580,11080
2752000	3032,11679
8248750	12394
7893250	11080
5539250	21865,22727,7868
3215500	12220
10119250	18977,21865,22727,7868
9437500	11767,26722,489,12168,2683
11939000	8027,2257
1953250	12394,14020,3658
10229250	25086,15631,3627,8689
11141500	
711500	14580,2683,24519,4709,2257,11080,24486,25260,12168,11767,11052,26722
6301250	11543,8637,574,22393,7868
764000	18990
3288750	
64000	27092,14580,12394,11080
10257500	10893
1724000	29099
4902250	4709,23628
10713250	2655
10261750	11679,21657,7105,1222,16110,14261
6849750	2655
6258500	911,12068
6904000	5267
393250	12977,12394,23612,11176,4949
2132250	
1806750	
9720000	
12015000	7552,15138
8529750	14020,22583,28059,15138
9163000	28184,6096,11080
887750	27117,26754,15019
10619000	4949
2078000	14902,27791
2968250	18805,1831
10234000	10329,15019,10970,9111,28653
6874250	20425,8637,12220,22393,21110,28410,11080,19993,15584,13483,26754,12168,2683
1724250	15269,15672,3228
2975500	16110,15934,11176,19745,7323,14902,21865,12977,5086,16406,7868
6807250	21110,28017,27791,22393
747500	
12388250	28391
5959000	14242,12352,18805,14153,251,6672
11121500	19660,15799,20297
1517000	27205
11158000	239,21930,7868
9694750	911
4059500	7868
3524750	4808,26871
2988000	22482
1622500	8148,14020
3892750	28059,15138
3363000	554,12352,3627
7785250	11790
10052000	3093,22126,21110,7680
12065000	
12142750	
8070000	18024,11080
2033500	25086,20207,7868,9817,11465,554,11176,8689,4949,12352,3627
11527500	21110,27791
8346250	
6061250	11176,4949,679,14261
4025000	
3304500	25169,4931,13554,17228,24461
2148250	12394,21110,14294
6754250	
10224750	11196,11679
3310750	15432,11176,20207,25086,3627,8689
364250	16110,23143,12220,11196,11679
10840750	7105
746000	155,7868,21865
599750	15799,19660,20297
4921000	8689
4716750	22393,28410,11080,12220,13483,15584,26754,19993,12168,21110,2683
691500	26288,22664,7868
8280500	
9103250	2655,12220
11949750	6571,5403,2198
3734250	
11494250	17013,16406,27406,23779,4834,2257,29547,12220,17835,7105,3228,11196
6957500	
984500	2513,18730
8163500	23103,15022,18868,22621,26959,28438,2257
8096750	21672,26485
7269750	
8271000	27625,11280
439000	26404,22727,3390,2198,3362,12287,24060,16821,25415,7868
6003750	21865,8792,22727,7868
10799000	
11923000	3228
2733500	
11894500	14020,22583,28059,15138
11220500	12285
5697750	27791,2367
3266750	12220
892500	17180,18805,239,7868,3627
776750	12977,16110,2257,3228
1767500	20180
6571000	12162,4254
10588000	22583,28059,14020,15138
8160750	7105,3228,11196
10185750	26722,8027,911,2257
5642000	8662,10726,10840,12394,4949,11080,11176
282500	6080,2803,12055,2683
1459000	
8215250	16110,14261
6852750	4949
11972750	15631
5143250	26614,21110,14482
8628250	19005,20979
725000	3627,3228,1831,4949,26722,8724,25372,8027,2257
2428500	17640
11711250	23861,1392,6175,24942
2807500	15019,12688,27117
7703750	18075,7868
11984750	11465,251,2683,21110,11176,4949,20207,25086,12352,8689,3627
6921750	19197,29497
5440750	25029,20045,19862
11503250	24645,10014,26722,504
4215750	23928
11683250	12541,7868
5994250	18180
7184500	18977,21865,22727,7868
10057000	
9651250	1598,12168,2683,26754
236000	911
8848250	
2688750	155
1324500	21865,22727,5336,7868
10979500	25372
3350250	3384,25420,12220,19177,18736,24765
4625750	22321,1428,15446
448250	15911
12204750	7963
6571750	9193
1620500	23735
11032250	
5999000	26523
4533750	4324,21110
6634500	
3149000	
5012750	2208,7963,11196
9035750	
10927500	14580
4922750	2669,25733,18024
4963500	21092,21110
5742000	25261,19523
2557000	7868
2006000	25372
5751500	11679,14873
7405250	25372
8072250	22,27033,19036,11196
6523250	16406,4834,23779,2257,29547,12220,7105,17835,3228,11196
3257000	7868,679
6257000	3740
11283500	2128,11679,16550,2683,12220
8060000	18024
10642000	7323,3627,11176,20536
2476250	21110
4004500	
10309250	
8573000	28049,6158,16110
848500	22393,11196,16406,9838
9513250	23928
1244250	4324
9906500	155,5185,21110
7699500	22280,28410,8719,13592,18730,23928,11793,11080
7588000	9111,10329,28653
8940500	251,11080,2655
12331000	7542,18180
11747250	11244
5287000	27514
12154500	7105,2568,9549,17640,7868
5155750	24669,18805,18024
1629250	19891,18024
6299000	7868
2823250	26969,25329,2610
8617500	28270,11280,27625
12004000	15307
11687000	28438,15631,8689
7886000	1428,15446,5267
10578000	28992,18024
11300000	2963,13701
2076000	3390
11612500	19974
2492500	19005,20979
8745250	679
7657250	28177,28937,11652,7997,11196,3228
1528500	5799,22749,23774,21092,3627
11440500	679,16110,4731,504,14261
965500	
4336750	16463,12220
1118250	6672,11176,14294
1365000	11080,14580,679
11646500	21110
5467250	21110
7918750	
1904750	22484,23928
252500	23861
39750	
4133750	4731,20127,27638,25372
11078500	18024
9973000	
1758250	27791
3010000	4220
3312500	19993,2683
6412250	15159
8324500	14020
380000	22094,2128,14174,554
4547500	
5226250	15631,8689
12239250	26288
731750	7692,23779,4834,2257,29547,12220,17835,7105,3228,11196
2788750	12394,4949,11176
6564500	8662,21672,3228,7323,12394,16110,29095,14902,18730,11612,12977,11196,16406,4949,11176
12015250	12747,27092,14580,11080
4809000	
7445000	25058,18075
791500	20297,16606,10329,24831,3627
1661750	3151,14020,11080
12337750	3627,21110,21092
11957000	16818,14261
8216750	12285
1173500	5848,20143
5238000	15018,21110,19993,12168,2683
10654750	
6694750	22393,3151,15138,29203,24196,17606,14020
4782250	27791,679
1906000	14294,22393,28410,11080,13483,15584,26754,19993,12168,21110,12220,2683
11734000	14490,679
9782500	23662,4949
3590000	28924
6713250	2945,1758,18879,2367
42000	13390
6872750	7868
7715000	11790,27961,7868
745750	11652,11196,3228
154500	5863,15631,21110,3627,12168,8689
12016750	28653
573000	19962,19615,16653,18868
2331750	953,18805,7868
7976750	11196,25372,3228
8757750	23928,26288,18024
7286500	
10095000	7105,1222,16110,14261
11936000	14294
2364500	7868,21865
3675000	
10715500	15138,2655
8149250	16110,12220,3228,11196,11679
8111500	2257,11080
4259500	11612,8662,29099,12394,4949,11176
11558000	
10966250	4949,251,8689
5812000	22393,12220,28410,11080,15584,13483,26754,21110,19993,12168,2683
10592750	
4256000	27791
5962750	12168,11080,2683
371250	2683,14294,21092,21110
11794250	28924,12220
7345250	23656
10492250	7868
2187500	6158,23628,12162
3288250	16110
2940000	15935,12220,19835,2257,14580,24519,11052,25260,24486,11080,2683,11767,12168,26722
8216500	27791,2257,22552
7476250	23284,15019
6155250	4220,29203,14020
9394250	17060,7105,25372,3228,11196
4631250	29099
3799500	
5293250	14261,12220,20506,679
1086750	18977,21865,22727,7868
5261000	
4886500	7868,17640
7003500	23779,4834,2257,29547,12220,17835,7105,3228,11196
5052000	21865,22727,7868
3511000	13020,24196,15138,29203,17606,14020
9173750	3627,7105,7323,2257,16540,3228,18730,1047,16406,14261,11196,11679,16110
3861500	18977,21865,22727,7868
1838750	17438,16818
8949750	4808,17438,16818
4118250	5185
8051750	20297,12220
11313000	23143,16406,4834,23779,17013,27406,29547,2257,12220,17835,7105,3228,11196
4304250	679,7868
