10944750	,476,17640,4571,24922,7150,2513,2353,12606,14020,15159,679,14694,28744,2963,13471,13451,19673,1461,10136,7868,9230,28752,9948,789,19993,25372,9242,25687,8689,8409,2683,1666
12028500	,17470,24929,18575,29146,14580,3390,19394,21975,16939,2198,28975,22393,21796,16540,3228,15311,16609,5592,7070,26883,23779,911,21110,10949,22319,18712,993,21336,12352,13672,7868,14261,12220,264,2683,12160,3627,10329,20207,25086,28059,28653,251,8689,15138,22583,13390
1206500	,25381,20548,9567,18025,8676,17060,3719,18273,9829,8446,27509,19993,25635,29,3304,6246,3627,5883,22246,905
12154500	,17060,14065,9567,29099,15086,17418,3719,18273,17214,9829,8676,13226,7611,27568,19962,8446,26318,11328,4366,27509,11573,20411,4443,19197,25635,28621,27791,19993,8689,29,9471,3304,5470,6246,9549,3627,2568,5883,22246,7868,905,17640
1620500	,5445,5833
4716750	,10928,25366,5639,8689,20979,11328,25420,28463,18167,24944,13784,3740,8628,8489,22359,16913,25318,11022,27711,911,25820,12068,14887,19615,2463,15432,1598,13247,29202,3458,25086,26754,21110,2683
4844000	,19993,504,4220,18051,5598,22749,26806,3555,20902,11176,4571,27396,5086,21983,7868,12899,18196,5883,15934,12220,24196
5654000	,11080,4571,17926,4300,5336,25840,528,23861,4775,29231,7868
5735000	,9567,18025,8676,18273,9829,8446,27509,19993,25635,7868,29,6246,3627,5883,22246,905
5780000	,26523,217,18712,15534,8842,19458,7071,14917,6331,23013,10325,25651,7059,471,29224,5157,22087,14065,10014,20190,15021,22556,9111,12209,26583,27257,26789,25830,11196,155,27955,26308,4807,1461,2128,11328,23781,7037,5094,16529,21979,23928,11524,21071,5912,25510,14261,539,13734,19421,7856,20979,17061,4411,18515,15584,22313,262,10702,15315,18736,11022,21092,17959,8313,7061,17214,22529,5814,21336,15811
6061250	,21657,27791,9549,23492,8628,28985,22113,25669,19632,3228,22577,18990,24831,1031,3190,7465,3627,16606,17117,10329,10893,11176,14261,22359,29203,4949,16463,679
8170750	,11176
8622000	
10224750	,14065,28164,11679,4761,25960,2513,21393,7868,2613,1481,19005
10229250	,7868,11080,21672,18289,18805,21593,24869,2655,22950,22179,23628,11196,9838,18730,4949,4452,29095,16406,14902,11612,11176,8689,3658
10302500	,1237,22043,14567,12754,23235,8689,18167,2626,7409,26087,2513,7868,679,6630,19005,14065,28164
10546500	,251,3228,25058
1110750	,7868,13883,1666,12426,20578
12015000	,12394,7868,26298,27028,21110,8024,11328,7552,5185
12173500	,14020,6348,27033,6098,16939,22126,14261,15534,28065,21919,14694,12489,6113,19036,21094,28653,28370,21426,29287,13494,20996,11244,7868,1325,28184,2471,21110,15405,9817,3627,554
12388250	,16939,12220,21911,12352,27514,13737,23793,22393,12588,1539,24196,28391,17389,14020
1971500	,19036,26288,3151,7230,24869,7004,23779,22489,14415,29547,14065,16944,27791,26860,1739,22043,23019,19166,7654,7105,5315,24070,4411,7692,18712,5834,17550,8385,7624,21919,14917,7469,21715,7096,4479,13701,11000,11196,25329
2626250	,15814,22393,20045,25193
3963750	,29,10145,1909,11864,24385,24971,27791,23475,12977,26614,13020,6246,3590,3627,7096,7356,3809,5883,11176,19421,13737,11330,26972,21067,251,16624,23662,4949,22246,905
434750	,23424,29203,10353,5863,3068,14712,21110,27458,20297,16243,12656,12168,10810,28463,3228,18805,23492,6542,19973,24831,3627,16606,8689,10329,16972,4571,27511,21911
5220750	,22950,12394,27791,5336,7868,28438,8689
5254500	,3555,28391,21672,1237,26087,18167,15918,11524,29539,22359,18072,14393,12717,679,24601,3313,6630,22043,4336,14065,28164,2513,19005,7868
6571000	,20626,9192,11687,11052,7868,15734,12252,1773,17606,13878,26722,13430,5470,12162,4254
6849750	,19394,4819,3228,27928,25372,12161,8049,24886,13883,15584,25733,6246,4938,29099,11679,2655,6757,23556,19796,27965,2199
6977000	,4709,25212,20154,17405,27514,27791,23628,25989,11196,7868,20620,4949,29095,16406,18024,18730,14261,4452,14902,11612,22950,11176,21110,9985
7703750	,6398,4993,8446,3626,3651,7542,4958,23304,27509,18868,25635,19993,18730,12394,14020,29,3304,27625,22908,7868,6246,3627,5883,22246,905
8149250	,3627,18805,23831,5053,19993,21334,26619,26728,4571,14294,7576,215,11176,12162,11280,24015,20536,27625,2367,5883,11196,11679
8757750	,23779,8261,15805,17242,22319,11328,11679,11790,20979,993,3390,13494,11080,21336,12352,13672,13258,3032,11665,2683,17959,264,8816,11330,8943,12160,24929,12977,3627,20207,14048,25086,26576,27791,27514,8689,29225,16110,21672,18024,7868,251,11196,22950,4949,18730,29095,16406,14902,4452,11612,11176
9288000	,15065,19394,26341,22393,24704,6352,18624,26288,12688,2971,14294,21110,20180,2683
10696000	,10928,25366,5639,1666,14153,10635,28463,18167,24944,24440,25318,20979,8628,25820,25420,8489,3740,22359,16913,15432,27711,911,12068,2463,29202,11022,25086,1598,13247,14887,19615,3458,26754,21110,2683
11391250	,16540,9072,15432,8689,1335,25372,25086,2367,12220,19632,22727,7868
1661750	,8689,11196,5429,14482,23793,21110,1392,28378,12271,13592,11080,8637,20555,13779,8226,3228,9802,2729,7868,29547,22393,679,4571,11543,28221,25488,23628,10840,8719,14020,15315,574,2373,19466,27135
1832000	,3228,5067,11196,4731
2771250	,22319,29,19277,26722,28752,23284,3304,1494,480,23475,476,25372,25687,2513,12606,6246,3627,28744,14694,2963,5883,789,22246,905
2852250	,13080,18290,143,9111,29099,12352,11176,14360,25871,4949,21706,28653,27415,3627,11682,14261
3211250	,29099,27791,23628,10393,25346,26516,239,27443,16754,11963,16110,3390,26006,11196,11176,15584,14020,4411,23662,12977,11076,12431,3228,7173,9838,6148,23612,17706,27155,4949
3581250	,7680,25372,20585,21110,11781,27638,20386,5086,4324,26546,18879,5848,2368,17783,23214,23482,22126
4256500	,14265,12394,7096,19993,14020,21110,2683,17606,2410
5034000	,3723,16550,3228,23223,18730,1241,20207,11196,7465,12220
5901250	,1107,14319,14159,14294,17640,21094,5706,8798,25556,28410,2929,14821,2683,14240,15315,11080,4220,18051,25346,4949,3555,4571,18730,22749,20902,18196
6257000	,16540,14795,23628,12285,530,4834,3228,3740,11196,26485
6996000	,8662,12287,3390,27160,2198,16067,3362,13754,24060,6305,4949,27117,16821,12394,25415,7868,11176
9720000	,4281,29442,11849,22168,1392,19894,2771,13830,16315,26871
10057000	,22447,4571,22727,22393,8193,7868,28017
11362000	,11196,9609,4324,17232,2963,8693,10240
11687000	,25289,26168,4949,12352,8313,2610,14020,12394,3627,3658,8689
11847750	,2367,24601,3313,28641,18167,22043,26394,4336,2626,3555,7409,29364,26087,1237,679,6630,14065,28164,2513,7868,19005
12008000	,29547,21787,17013,22523,20979,19615,27406,16331,12352,10026,14261,7105,26843,12977,3228,20585,2257,11196
12215000	,23662,20896,18805,6652,11670,28924,949,25260,4931,4479,3627,15934,7090,11176,18743,28463,4939,11196,9363,14261,20831,15639,29099,14942,8637,4949,7868,12352,6672
1969000	,29,19993,18805,12352,25687,5469,4411,2891,12977,22393,993,15887,15631,5987,6246,8689,24196,3627,14580,18002,14020,22246,905,11080,12220
2132250	,16463,17470,11670,26180,14276,6352,1107,18805,14319,14294,21094,5706,17640,25556,28410,14821,2929,14159,2683,14240,15315,11080,4220,18051,4949,18730,25346,3555,4571,22749,20902,18196
3089500	
4770500	,7335,23049,4808,18433,5797,18075,12394,27092,28975,26871,24869,24196,5876,599,11679,9609,12220,15315,9165,13554,14261,20297,27191,6988,10404
4809750	,143,18791,23884,1831,25329,8148,27791,7105,679,21865,7868
7002750	,12394,4731,5081,11679,1831,15584,1481,11882,23143
799000	,7173,14580,23662,12433,9111,27319,17060,6148,7096,7230,554,8278,25839,24553,4949,18185,28465,19339,21657,21946,16331,24341,1666,4775,17706,3555,17835,9549,25669,27155,24869,27056,4578,7827,1031,11196,18990,18075,7465,29099,27791,251,25058,3228
8102000	,4571,21672,3720,23628,14261,11080,8689,21110,2655,9838
8666500	,14266,2160,21865,6672,26722,6246,4808,23284,27791,11790,5267,16818,8689
9035750	,11328,29202,4949,25215,12855,14048,16429,18697,21110,29099,11176,16540,9072,19973,1335,8689,25372,20661,7850,9881,15432,19632,12220,25086,22727,2683,7868
9163000	,14153,24944,7692,5661,7977,27791,6571,11482,23475,23278,7748,11080,5594,26576,28184,6096
9244000	,26754,5403,3536,16177,23628,2367,17393,13471,14227,7868
1046250	,679,27508,9838,10678,23612,11396,4949,6621,4571,18196,2257,7868,27791
10768750	,16463,5014,12888,6672,12666,6929,15081,24601,17592,4683,5043,26614,18712,1385,21501,16300,25381,14580,15911,20548,7208,8676,9567,18025,17060,7868,3719,18273,9829,8446,27509,25635,19993,29,3304,6246,3627,5883,22246,905
10927500	,7208,10014,3850,27153,9111,26546,14482,21768,27390,10056,18932,22499,14266,2160,21865,6672,26722,14020,6246,27791,4808,23284,5267,16818,8689,15138
11046750	,22280,14580,12220,11080,14261
11339250	,23612,4949,27791
1904750	
1906000	,21336,15584,9567,11448,26860,16540,12285,9532,1831,2438,21110,12220,2683
1909250	,4411,7868,6548,3458,26523,15811,25372,21110,10584,15992,7812,22393,28759,4452,4220,23470,18180,14209,24645,10014,504
2138750	,554,4949,2683,2655,15814,18805,8724,8027,12688,15138,19523,2257
2476250	,8628,8689,14821,17640,18805,25318,11328,22359,14240,25820,28410,11022,27711,2929,18730,12068,14887,19615,2463,15315,29202,25346,15432,22749,3458,20902,25086,21110,18196,2683
2874500	,7812,3181,255,4949,9487,21110,17331,28410,7323,26121,679,12512,22094,13888,22482,1228,19422,29203,22889,3047,9985,2257,28370,16009,13450,11176,10726,11080,10282,4172,7868,7910,6203,10840,14914
2921750	,28710,13888,11196,7957,9549,4919,11176,3228,11670,10788,25272,18575,22280,12168,26722,83,27371,5324,7105,11201,4949,15584,25366,14020,15446,29547,14182,143,241,27791
317500	,9072,15432,8689,1335,7400,25372,18805,25086,4949,9620,19632,12220,83,22727,25366,7868
3524750	,29,4491,6246,3627,5883,26871,22246,905
3849750	
39750	,20152,27390,26546,21768,14482,18932,10056,9111,14266,2160,6672,21865,27791,23284,5267,4808,26722,6246,16818,8689
4184250	,23103,21092,20551,10353,13592,25372,15934,3719,16550,5863,5593,27407,25261,12168,25635,25329,170,15315,178,21110,3627,19993,18805,7400,14695,11983,15631,11687,12220,5883,23928,19523,83,28710,8689,11196,4949,25366,10788,14020,241
4215750	,26127,17356,9392,1037,23656,25309,9340,7230,12674,15302,9878,4125,4578,4281,2685,20184,14415,14573,12251,19574,23928,4571
4956000	,9549,3145,21337,2042,2159,2568,14580,13450,29331,15315,3068,28675,16243,10268,911,28177,28463,17640,7868
5108000	,11793,24486,16540,4571,155,23628,22359,10646,22556,10193,27659,15718,12346,14580,14020,6148,11080,27785,7070,15094,28463,10532,29547,29203,3627,4254,647
6874250	,3308,17760,143,9549,15507,26318,1222,18196,17214,4731,4324,1771,11628,29099,12747,24844,14265,16603,18805,26754,20425,11080,22393,8637,14261,13483,28410,12168,15584,2683
8040000	,15159,18275,5043,12994,9792,27205,1335,13872,12688,12541,15814,4571,21796,4762,4078,18292,20300,18024,26464,16406,18805,5336,27791,5372,8257,239,22547,5429,7868,10151,17400,2655,15138
9103250	,11176,12220,6655,2655,876,23612,4949,27791
9344000	,21659,25511,11176,14795,18001,12977,24196,4731,17024,23612,14020,4949
10095000	,22732,10584,8278,5254,12758,14020,5836,14415,22,23928,1700,29099,18805,953,21092,11176,27033,6098,12977,22126,2836,26699,28065,24869,21919,14694,19036,19973,13494,11244,7868,14261
10831750	
11434750	,6880,1962,14182,4162,14261,22749,7089,20902,18024,25212,20154,17405,21823,25989,20620,18196,7071,21110,9985
2078000	,6839,7622,14446,4644,24669,17752,27791,26608,16944,28616,17449,7868,14902
3257000	,17640,24922,2353,27791,11080,8148,15159,13471,13592,14020,10136,9230,9948,19993,7868,9242,679,8689,8409,2683,1666
3590000	,14048,1031,679,3228,20896,9549,25669,18353,11176,3047,23662,7567,18990,7465,15934,7868,17945,9907,24869,18075,13103,11776,4479,4949,949,4931,28924,29099,11196
3787750	,2610
5898500	,12220,15921,23433,17732,27371,7637,26722,374
591750	,18075,5416,8689,25058
6523250	,1666,4775,6148,4411,9549,25669,24869,17706,4578,1031,7827,27155,29099,27791,14020,18990,7465,17060,27056,251,18075,3228,17835,25058,11196
7367000	,527,20620,11083,15192,155,7061,17945,11888,143,13607,16110,27791,25372,18730,21833,21110,15018,2683,22393,21975,15686
7687500	,14020,15116,3174,23748,19574,3787,2610,8173,12220,26607,22994,18730,17606,28625,23662,12394,12285,5369,290
9811750	,10014,11196,13942,10969,22846
10064500	,13354,2257,26722,24601,25830,8662,12394,25079,12491,4307,22894,20425,16110,24929,24415,18575,3390,5799,29146,14580,19394,24385,7105,16939,2198,28975,8269,5592,21796,22393,16609,7070,21110,26883,10949,911,22319,18712,23779,993,14261,7868,12352,21336,264,13672,2683,10329,12160,3627,20207,25086,12220,28059,28653,251,15138,8689,22583
11340250	,241,21110,7868,11196,25086,26973,25329,18805,14294
11612500	,25372,14873,29203,3032,3228,12394,15138,18075,10702,15811,18741,29334,19974,16672
12065000	,21672,679,2270,13942,11196,12453,19005,12220
2676250	,13554,18196,17228,16110,24461
3035250	,28410,14821,2929,2683,14240,15315,4220,18051,18730,25346,4949,3555,4571,22749,20902,11080,18196
3226500	,23013,7105,18805,22393,11954,11176,8689,12220,23861,6621,6299,7061,27791,15432,679,25086,3627,7868,11196,23829
371250	,26722,22556,12220,14161,14400,20536,819,11176,15584,22889,10106,1547,4949,25596,8724,11196,8027,7620,11679,2257,21110
42000	,11578,4147,24193,8890,13390
5754500	,3135,2000,1831,9549,679,16818,16836,10282,16463,11196,22368,8425,11790,14784,4667,18024,16406,19891,11159,7868,16361,22393,7096,143,15896,8725,7286,1079,15315,2826,27615,12018,20826,29099,25346,14261,8307,3954,25372,3665,16754,19660,12647,23628,14020,20297,12977,4731,9838,11176,23612,4949
9173750	,22505,16540,3592,13784,12541,15639,14097,29099,29224,10999,2367,15315,17512,7868,29203,16406,22269,7560,18086,489,4931,14020,13020,13554,11196,17228,11679,24461,16110
9628250	,6096,25402,29099,4731,16550,1222,12220,2128,23779,14261
9706000	,742,23260,25933,21672,16476,16823,3809,19120,29363,3980,11487,19431,6364,29099,13765,23340,22094,20297,12168
981000	,26288,21659,3032,23861,10866,15423,25372,1392,12737,16110,2610,13450,27514,22393,4571,8148,4938,26722,20180,6175,8689,11679,12220,4997,24942,14020,14153,8662,27160,4949,12394,11176
10054250	,8307,3954,679,16406,12647,7868,22963,20846,22393,16361,19891,7096,7286,11196,10970,27615,12018,20826,18024,23628,25346,14261,16754,1831,27791,14020,8425,4667,12977,11176,11159,1079,9838,19660,20297,23612,4949
10619000	,11665,8816,19514,3979,5848,3032,27791,3457,15934,2929,16110,25211,29225,12647,11679,13592,7868,14182,9802,28230,21672,18024,21092,23662,9912,14956,12977,6880,27514,360,3228,11196,21110,1222,22950,28410,29095,22280,4949,16406,14902,4452,11080,11612,11176,23928,20386,8719,18730,11793,2368
1459750	,20207,360,14020,29203,7127,679,25086,11196,13450,12410,2966,25830,21110,845,251,9620,993,12586,3228,2683,16550,28059
1966250	,6148,4709,1831,19814,7105,23628,3678,28410,23999,4479,12394,6096,11328,11196,6672,21815,9838,14261,8689,10872,7186,12220,3627,25260,18730,26722,11052,1047,3228,2257,16110
3054250	,10810,6571,9563,23492,3151,15138,29203,14020,7248,11931,3068,16243,24831,28463,12285,16606,10329,3627,11196,5067,13942
3293750	,14261,2257,18075,1831,12394,12758,7070,19005,26523,25193
3952000	,6864,10329,21911,2683,15584,25917,29547,617,19837,9111,3627,7105,29099,13349,28631,7868,4479,23779,16550,11196,12220,2128
4850000	,22732,11682,28899,22126,4731,27791,25372,3228,953,18805,4794,4949,614,19980,1428,22552,11605
4963500	,16944,15478,21672,25960,14956,28631,16624,24669,24541,3828,12068,24034,6880,360,21392,1222,21067,679,21865,11638,15907,13390,25372,28410,29203,22280,12606,15423,3228,11080,18075,17453,25917,10948,27625,23928,8689,20386,18730,8719,2368,11793,12220,21092,21110
5082750	,3665,11176,25372,29547,1392,2826,27791,5306,11196,2033,11029,12688,21659,2059,26631,13494,6175,24942,7868,4731
5906250	,3590,19974,7356,13784,143,7096,3809,19421,7868,11176,13737,11330,11196,26972,21067,251,16624,27791,4949,23662,11679
11493000	,11328,22393,5598,6951,29203,7059,25642,14020,13878,16722,207,5680,23878,19973,4949,11734,554,2826,12855,23793,11176,454,25215,16429,14048,2257,6571,4694,16540,23549,15432,1335,25372,25086,8689,9072,12220,19632,22727,7868
11894500	,20551,9548,7096,19993,26619,25635,29,11080,19421,3304,6246,3627,5883,15138,22246,905
12231250	,29203,9295,7208,12173,10014,3850,27153,26546,27390,14482,10056,18932,21768,22499,9111,14266,2160,6672,14020,21865,27791,4808,23284,5267,16818,26722,6246,8689,15138
1446250	,15811,1155,19751,7868,18712,7105,27791
3188000	,12888,6672,12666,6929,15081,16463,24601,17592,4683,5043,26614,18712,1385,21501,16300,25381,14580,15911,20548,7208,8676,17060,7868,3719,9567,18025,18273,9829,8446,27509,25635,19993,29,3304,6246,3627,5883,22246,905
3520000	,282,1325,28370,22218,1337,8628,25570,18353,28184,24385,2436,12977,8662,749,25488,27791,24984,12795,9563,10702,10325,4499,24669,24892,20184,17959,9525,17732,4949,16846,18829,4571,10584,19973,22732,27927,14788,21110,24869,8689,5836,2999,9620,21336,22,12758,22393,14020,18805,15405,5254,953,29099,23928,27033,14415,11176,6098,1700,14261,22126,14694,19036,28065,21919,28017,9817,13494,3627,554,11244,7868
364250	,21392,7868,29203,21110,6101,24669,13390,12220,11679
38250	,2257,24601,7105,20207,25260,9111,15534,24898,3627,27625,4003,17959,13793,25086,22029,20300,29022,14261,1831,15138,17590,2694,12394,20626,251,21865,11176,7096,18730,14020,7868,14265,17606
5959000	,11328,8689,5131,27791,6672,1539,4078,19643,251,18805,14153,14242
6247250	,4731,11670,28357,18805,15138,8171,14873,18874,10840,19615,28626,15814
6564500	,13394,18465,8261,17242,15805,11080,8689,11328,20979,11790,13494,1831,251,13258,3032,11665,8816,17959,11679,8943,11330,12977,24929,14048,26576,27791,27514,16110,29225,7868,18024,21672,11196,22950,4949,18730,29095,16406,4452,14902,11612,11176
7345250	,3228,28899,22664,25372,2750,26485
7699500	,18275,25211,19973,26722,1363,28675,19514,26127,11767,1546,679,23698,1031,25488,5848,7542,21067,20955,8173,6602,11679,6880,14956,21092,3979,2929,15934,23662,3457,12977,13592,18180,3228,14182,9802,28230,9912,21110,360,1222,28410,22280,20386,11080,2368,23928,18730,8719,11793
83250	,5833,8148,16818,7409,5131,28710,11196,25329,4949,15434,7400,28885,4220,10788,7997,6174,12220,3228,83,14020,25366,241
10047250	,8976,12132,3555,6672,7868
11142000	,12285,10810,504,21336,16972,3068,23492,4571,264,28378,27511,16243,29099,12160,18180,28463,17407,5067,24831,8689,3627,16606,12352,10329,21911
1381000	,1831,13494,8662,22099,10857,27637,4949,8724,11244,7868,25329,17958,29099,14261,11080
2428500	,14020,22915,7160,5267,11196,28332,4986,9250,9838,1396,23612,4949,26485
380000	,11196,22393,3228,2257,2128,22094,14174
4102750	,16331,19615,12352,19149,21787,22523,12977,10026,11196,26843,2257,20585
4922750	,20536,17118,22393,20701,7680,27407,8689,23628,18489,24196,7263,14360,14020,15631,4709,2669,25733,18024,11052,26722
5769750	,2568,2455,16116,4440,16818,18731,20147,7868,17640,24503
5847500	,26722,11176,1831,16110,3228,29505,17389,28017,2257,3627
6619500	,15934,1917,15089,16952,5221,21067,3627
7927750	,14153,12220,13450,12680,8662,2971,12674,27160,6352,3032,4949,14020,22393,20279,15065,26341,14294,12394,20180,26288,18624,2683,21110,11176
8129250	,18730,29095,16406,9242,7045,4452,22999,8689,14902,11612,8637,11176,18097,28270,25733,8409,7868
10018000	,24196,2655,12447,22393,27791,14261,16110,15874,14020,5627
10257500	,12977,13554,28391,20297,27514,12352,22393,12220,27191,10893,6988,10404,24196,14020
10309250	,9472,11329,8089,2683,5043,15192,11734,24704,21091,10999,7868,24193
11111500	,4808,23284,12379,5267,16818,14261,13962,8689,25142,27791
11321750	,16110,13888,12977,27791,18805,15799,28985,27060,3564,5661,4102,22664,9195,22880,15432,6242,20297,29330,4238,15390,4262,4294,23662,15269,3228,25086,15672,18024,24669,23338,7997,24907,29547,11730
1148000	,16463,20472,11465,12352,27791,679,20297,29547,11730,12977,23198,3228,19993,15269,15672,2683
11936000	,28470,13390,13020,1962,21565,14294
12337750	,12068,13888,6880,21140,27791,679,21092,7868,14796
1240250	,26829,29203,9295,7208,10014,3850,27153,14482,9111,26546,21768,27390,10056,18932,22499,14266,6672,21865,26722,14020,6246,27791,4808,23284,5267,2160,16818,15138,8689
145750	,7542,23928,18730,8719,7409,18180,11793,2367,11196,3847,24242
1517000	,28924,24087,2891,27205,7208,14580,11080
1812000	,11176,12220,6331,23793,6299,7061,23013,679,15432,21628,19814,16406,3627,18805,7105,25086,23829,7868,11196
2251750	,18730,554,527,8689,23928,13084,29385,6571,11793,8719,23878,9072,15811,23793,454,23549,22727,7868
2492500	,2257,24066,5557,20083,6571,16939,10464,17640,2513,11196,679,21672,13942,19005
5012750	,23779,911,10949,22319,993,18712,14818,21336,12352,13672,12220,11196,7868,2683,264,5043,12160,14261,20207,10329,3627,25086,3393,28059,28653,251,22583,15138,8689,5053,2208,7963
5143250	,11670,12736,27567,18542,28641,6880,13067,10949,239,17661,23549,20411,29547,9563,21110,3627,11080,17180,19457,6287,5429,26394,26614,14482,16609
6848750	,25651,4750,14925,8269,4078,4163,15584,7038,16556,9486,12394,15934,12491,10714,11000,202,14020,11080,3555,13020,15019,15502,17431,2257,26722,24601,2891,13354,8662,25079,16110,20425,24929,24415,18575,3390,14580,19394,24385,4307,22894,29146,7105,16939,2198,28975,5592,21796,22393,16609,23779,26883,21110,10949,7070,911,18712,993,22319,13672,14261,12352,7868,12220,2683,21336,10329,264,3627,20207,12160,25086,28059,28653,22583,251,15138,8689
7286500	,2683,22556,11080,14020,12394,25260,24486,12168,11176,11767,26722
7545250	,22749,7868,13891,12352,3228,2513,18730,11679,6672
8271000	,18730,4949,20470,9639,7868,21091,2257,8689,9284,25086,29084,5836,3390,904,15935,12220,14580,14694,19835,24519,2683,11280,11080,25260,24486,12168,11767,26722
8997500	,679,27791,1831,7868,14796,8643,11080,2257
9782000	,7248,6724,5086,679,3151,6630,14902,18758,5367,14065,28164,2513,29364,7868,19005
10069500	,7868,21838,14408,8978,24447,6665,18084,19973,21400,2257,10740,18519,15322,4571
10401500	,2323,251,11330,3032,11665,14360,8943,8038,11080,12977,1583,14294,13394,18465,24541,4709,17242,26576,20979,23628,16110,27514,29225,8816,13258,17959,18024,24929,21672,14048,12394,11196,27791,7868,4949,29095,16406,18730,4452,14902,11612,11176,22950
10774750	,22749,27199,11857,27791,11687,1577
11874000	,5086,21548,16028,21672,504,13354,27625,16550,19668,29203,11679,12220
1324500	,8446,2198,6929,26871,6980,27509,599,19993,21865,10404,12977,20872,25635,29,14482,6305,27927,6246,3627,5883,22246,5336,7868,905
3981750	,23284,5267,6672,22439,18730,29,3304,14887,15602,25386,23143,5185,22280,6520,6246,3228,3627,5883,1831,27791,22246,905
452750	,4324,12110,21865,14020,11060,19973,16460,6672,251,18491,22547,25488,141,14796,10872
6003750	,18712,1385,21501,25381,14580,15911,20548,16300,23628,23698,20256,7208,2033,16176,8676,18025,17060,2257,16944,530,6680,27487,3393,3719,11080,9567,7868,22749,15584,18273,9829,19814,3913,2251,5053,8446,11679,23480,27509,25635,19993,7737,647,23013,15414,29,3304,8792,6246,3627,5883,22246,905
6754250	,14266,17606,2160,17512,6672,14482,17945,21865,26722,27791,26789,4808,23284,6246,5267,16818,20152,8689
6867750	,4078,12220,7552
7016500	,24193,27791,143,22280,1366,22556,14020
7190750	,9413,14526
7886000	,11196,24942,11199,4970,24966,27791,25177,13556,4939,6080,1428,5094,1712,15934,6880,15446,5267,9472
10261750	,16331,8278,27791,25372,15315,3665,2504,17060,17405,2826,3627,17968,18024,18805,17348,29099,3438,11176,23628,22950,13494,14533,15645,11679,2452,28270,19394,17061,7868,4731,21657,1222,14261
10588000	,18932,10056,14266,9209,2160,21865,6672,26722,6246,849,27791,4808,23284,5267,16818,9295,22499,8689,14020,15138
10790500	,15716,8689
11730000	,1392,10866,13787,7868,28286,17181,422,6175,8296,6193,18024,471,18523,24942,5443,23656,13390,21565
11972750	,16540,9072,9804,15432,17972,8689,1335,28855,9486,25372,25086,647,19632,12220,21693,4846,7936,22727,15631,7260,7868
1724000	,21657,17550,7567,14048,1031,679,9549,20896,3228,25669,9907,18353,11176,3047,23662,18990,7465,7868,15934,17945,24869,18075,13103,11776,4479,4949,28924,949,4931,29099,11196
2168250	,8628,28653,24385,9111,20184,8662,2436,12977,749,15200,16846,18829,5662,24892,8689,27927,14788,9525,9620,17959,4571,2999,2826,10584,15315,21336,19973,22732,4949,25372,5836,12758,24869,5254,14020,22,14415,1700,23928,17732,953,27033,6098,18805,14261,22126,28065,21919,14694,19036,29099,4731,11176,11244,13494,7868
2870250	,20207,25086,16722,21110,27625,18730,28759,15534,24898,29363,13793,22029,8327,15096,7105,251,14265,14426,21865,4003,7868,7096,14020,17606
3795000	,20180,11687,13390,21865,24601,7868,11080,29099,12352
4853750	,2655,25596,19955
4902250	,14794,14048,949,9657,27111,8207,26288,18730,17118,27791,7868,1598,2323,14294,26754,22950,12394,3740,18990,14360,23628,4709,11052,26722
5052000	,26614,1385,18712,21501,16300,15911,25381,14580,20548,12220,25299,7208,8676,9567,18025,17060,3719,18273,9829,8446,27509,25635,19993,29,3304,5150,7868,6246,3627,5883,22246,905
6400000	,25372,3665,21657,2826,29099,15315,3536,15065,11176,20551,26737,2600,22371,13494,18712,9567,1222,7868,28270,3313,15258,4731,2452,14261
711500	,16155,14294,11524,12977,15390,29465,19993,18730,12352,11578,2323,21225,22393,2669,27407,8689,25733,17118,23628,24196,18024,14360,14020,15631,4709,11052,26722
9437500	,15584,3592,7560,7208,28662,29099,12168,14020,17512,11196,13020,22269,18086,4931,11080,11679,13554,17228,16110,489,24461
10492250	,19702,7754,18217,11176,25260,24015,18730,20029,3228,4571,26728,23662,11061,26464,8996,7868,20045,4949,24984
10609250	,18712,21501,16300,14580,25381,15911,20548,7208,8676,7409,9567,18025,17060,3719,20979,2963,28694,21919,18273,9829,19702,8446,5598,27509,25635,19993,29,3304,8693,6246,3627,5883,22246,905
1074500	,22484,9567
11496750	,9829,3534,28898,11080,25260,3627,2683,26722,12220,11052,6927,3228,18730,1047,2257,16110
154500	,10810,8446,17034,19973,16972,29197,23492,13592,19993,3719,27511,25635,4571,29,24831,12977,16606,10329,15934,21911,28621,6246,10353,5863,21110,5883,12168,18805,3627,22246,8689,905
1953250	,21979,15639,1788,20918,12352,2683,24415,23984,8719,10176,8689,647,6096,26722,25289,8313,2610,14020,12394,3658
2182750	,8689,28184,7059,251,18805,5131,14153,1539,14242,19643
2378500	,15315,17470,2669,14153,14795,29099,2373,26619,574,12352,19974,16722,4571,10014,19466,5099,27135,13390,18937,3228,374
2920750	,4949,14020,11864,7071,12285,17081,13757,8669,26699,14119,15173,15946,3627,12352,21862,16302,29490,27155,241,23407,22359
3363000	,6571,15138,29099,25372,3627,15018,11176,8082,25742,679,21672,2683,11196,4731,18868,9193,15315,13942,19005
4004500	,11000,15315,6571,25329,18281,19686
4054000	,21565,28899,25372,17060,28124,14294,11304,12977,13247,24088,12394,9090,3228,2367,7323,16406
4133750	,10893,15159,14261,14248,4731,16754,8689,11465,21110,5267,12352,1831,9919,4949,11176,14451,29203,20127,3627,25372,27638
5187750	,2257,29099,7868,19514,1481,11080
573000	,11080,24196,26655,23214,14020,7071,19962,19615,18868,16653
7103000	,4949,14580,2683,1119,12394,13737,25260,24486,11176,12168,15423,11080,11767,26722,5574
7476250	,12588,24922,14020,2353,15159,29099,13471,15019,10136,7868,25372,9230,23284,19416,9948,12220,4571,24907,17389,8689,9242,19993,1037,8409,1666,2683
848500	,143,13592,18196,16818,16463,23143,679,10151,24977,8307,3954,8425,4667,12647,22963,259,7868,11159,16361,7096,1079,27615,2000,12018,20826,18024,25346,11196,22393,16406,19891,16754,1831,7286,14261,19660,23628,27791,14020,20297,11176,12977,23612,9838,4949
9212500	,3228,15645,23612,19962,19615,7150,14596,4949,18868,16653
9794000	,20979,10368,24886,11176,2963,22946,15249,9301,14020,23584,23748,8860,23612,642,7868,2457,4949,14647,27961
9906500	,5267,7868,26722,8024,8689,12394,26298,7552,21110,11328,5185
11032250	,7868,23628,1713,26699,27961,15138,3740,18990
1140750	,22583,5736,8689,22319,25651,24172,17823,14261,28059,23782,27912,2251,3285,6741,7868,15138,15395,19421,27060,22313,1293,12541
11564250	,24461,8689,4846,8409,11244,7868,6104,14969,25483
2200750	,21110,12285,8630,26516,2610,16768,24506,14020,18741,12674,2655
2688750	,11176,1335,8689,3629,15432,6571,28391,11196,19814,1739,12271,4949,25086,3181,5598,12220,25372,22727,13942,14873,4078,11080,7868,28924
4186500	,28463,29,27092,27791,7105,6246,3627,5883,22246,905
5239500	,16939,14360,21110,14153
5491500	,2826,5957,2179,7071,13819,8313,12285,15390,2683,4329,8358,14265,29203,25372,2729,6331,13390,1691,21092,26288,4443,9472,4731,6880,14261,1962,14182,4162,7089,18024,9985,25212,20154,17405,25989,20620,21110
5994250	,7096,11280,2198,4479,3362,28759,13701,11000,24060,7611,27625,25329,23793,16821,7868,14873,25415,26485
6766250	,3977,20297,7105,9109,25372,29547,28945,21865,12977,6988,18805,13247,12394,4307,3228,7323,16406,27791,7868
6957500	,14426,27448,993,12160,4887,12352,21110,2683,14153,2374,9111,22393,22330,1065,574,3627,20207,7105,19615,24576,28759,23861,18730,25086,4003,12754,14265,29547,16722,8689,251,15534,24898,13793,22029,21865,7096,14020,7868,17606
7657250	,25372,6174,1950,255,19632,12220,1392,22727,5833,8148,7997,7868,3228
8702500	,10726,23662,13701,11000,6672,4479,8257,19381,12220,23284,2128,9486,25329,7868,17597,617,16540,15138,3390,24780,23779,29547,7105,11196
8949750	,10014,3850,27153,14482,9111,26546,21768,27390,10056,18932,22499,2217,14266,2160,6672,26722,21865,14020,21962,6246,27791,23284,5267,8689,15138,4808,16818
9394500	,15018,11670,26546,20661,17400,16540,6880,23781,18491,26712,14588,29099,2803,22371,12055,1666
10112000	,24541,569,14261,2471,7868,18131,26665,29203,15988,8278,7061,14794,28924,2159,11196,29099,19962,7105,24306,11263,11465,15584,18730,28899,25372,21565,17060,12352,8689,14294,4949,11176,2367,12977,12394,13247,3228,7323,16406,3627
10322250	,8637,6246,3627,10702,1880,5883,28967,19523,22246,5185,905
11984750	,4078,8269,15584,7038,202,12394,3555,16556,12491,10714,11000,17431,13020,15019,2891,15934,13354,14020,11080,9486,25079,26722,15502,4307,22894,2257,24929,18575,3390,24601,29146,24385,16110,19394,16939,8662,14580,7105,20425,2198,24415,28975,5592,16609,26883,7070,23779,10949,21796,22393,911,18712,22319,21110,13672,14261,993,12220,7868,21336,264,12352,10329,12160,2683,3627,20207,25086,28059,28653,15138,22583,8689,251
1815750	,3720,7230,14261,11080,2033,5067,4571,27117,2655,8724,22393,5627
2788750	,6880,4949,2410,29084,26754,14294,14360,10702,6918,3804,24907,27791,11679,3647,9914,4709,12394,8842,5043,2898,23628,13776,7096,11052,11176,7868,26722
3149000	,18805,14580,14647,24503,15631,7260,29008,9804,9486,7868
3723750	,11196,3406,3228,20846,14020,1831,25372,5598,12271,4078,28924
4047000	,2655,9479,12977,28391,7208,18080,26737,22043,3983,12352,27514,21110,22393,18712,7680,24196,14020
5968250	,26169,11000,19005,19105,4078,18879,9472,13779,21840,9045,23076,9471,25770,26516,15761,25329,10225,29099,10409,7868,15874,16406
6205000	,5067,27470
6654750	,6299,1415,83,27791,25366,14261,16110
7306250	,9230,9948,29099,9549,28754,21110,2655,11080,2669,4691,8689,9242,7868,6158,679,2249,24379,8409
7513250	,21865,7096,14265,24590,21110,14020,7868,17606
8145500	,14360,504,4709,14294,23628,22583,12394,28059,15138
8195000	,15811,16624,11176,29099,12688,7323,7868,25687,3034,28410,24519,1758,18024,5185,4078
9782500	,3457,2929,18275,25211,679,29269,18353,11176,3047,13592,14182,9802,28230,5856,17945,12977,17550,13103,24869,11776,18075,9912,14956,360,4479,6880,1222,4949,28410,22280,15934,28924,4931,23662,3228,949,11080,23928,29099,18730,11196,20386,8719,11793,2368
980000	,21067,24869,9549,7827,29099,11679,16463,17835,18990,11080,16110,7465,27791,679,27056,4949,3228,11196,18075,25058,7105,14261
11552750	,23861,10866,1392,679,21659,4949,12394,27791,6175,24942,11176
11683250	,29099,14603,24704,24196,12541
11923000	,16972,4381,18805,17547,4571,27511,4775,7868,8689,12352,21911,18843,3627
12371000	,7070,21372,27501,6114,19514,2323,13494,14048,12352,569,24929,16376,14360,25086,9111,12737,18131,14261,15988,29203,26665,11176,8689,8278,7061,27791,28924,8992,29099,2159,2254,11196,19962,4709,7105,11263,14794,24541,24306,23628,15584,7868,28899,21565,25372,18730,17060,22950,14294,2367,12977,13247,3228,7323,16406,12394
1699500	,16818,8689
1758250	,17640,3091,6947,6571,24196,7868,2764,28463,27791
341000	,21672,25372,5267,21565,16564,28899,18730,17060,25840,11465,14294,15584,12352,8689,12977,4949,12394,13247,11176,26754,3228,7323,16406,26485,3627
5199750	,24054,24059,11176,16463,18805,26608,9936,15315,24066,2257,3627,6571,7868,17640,23829,4949,11196,21672,679,13942,19005
5293250	,22583,11519,4571,3995,15672,12220,20506,679
7034000	,9295,7208,9111,27390,21768,18932,10056,13265,22499,23103,14482,26546,22887,17402,1392,2160,21865,6672,26722,26829,14020,29203,6246,4808,23284,10014,3850,27153,5267,16818,14266,8689,27791,15138
7163250	,18805,4571,26595,22609,19702,8689,18791,9567,12943,17748
7435500	,25960,24886,178,217,18024,22087,27950,10702
745750	,6096,17959,8278,25839,24553,4411,27625,3627,7173,14580,16331,24341,12433,21946,17060,23662,9111,27319,6148,3555,7096,554,18185,28465,4949,7230,21657,19339,17706,17835,1666,4775,9549,25669,27155,27056,24869,1031,11196,27791,4578,29099,7827,18990,18075,7465,251,25058,3228
8248750	,4411,14580,16331,24341,21946,12433,7173,9111,27319,17060,23662,3555,7096,7230,6148,554,4949,18185,28465,19339,21657,1666,4775,17835,17706,9549,25669,24869,27155,27056,1031,4578,7827,11196,27791,29099,18990,18075,7465,251,25058,3228
9436000	,10014,2160,6672,26722,27791,21865,6246,29203,23284,17680,4808,5267,16818,8689,6571
10185750	,28164,2513,28899,28653,14242,3228,19643,7868,13070,21979,83,11826,25366,22484
1104500	,2655,15637,26722,18624,3228,12394,26288,12220,2257,11196,20180,22583,22393,2683,14294,21110
1934750	,8278,21110,7061,28924,14794,29203,7868,2159,29099,19962,21838,7105,11263,24306,11196,15584,18730,28899,21565,11465,17060,25372,14294,8689,12352,4949,2367,11176,12977,13247,12394,3228,7323,16406,3627
200250	,21672,13942,5856,19166,1831,12052,679,19005,9620,12352
3266750	,17453,25917,21092,10948,27625,8689,9369,13888,3228,10066,21110
3310750	,4694,2257,26722,19973,3458,4949,16429,29202,18730,16540,9072,21110,4997,4172,1335,25372,11328,11176,3627,8689,12220,23829,22727,15432,2683,25086,7868
3588500	,14020,10136,25260,1335,23143,19660,9230,17013,27791,9948,27406,20297,18712,4644,7432,23779,5598,23284,2655,16540,22727,20846,25372,9242,8637,21110,8689,530,18024,27251,23782,2683,3228,1831,8409,12220,21336,11196,7868,1666
4376250	,19217,8630,12977,14580,18080,28368,11080,14360,17118,23928,2669,15390,29465,12790,18281,16155,12352,28710,16463,11196,21110,11524,22393,25733,4949,7680,19993,7868,21225,10788,12220,18024,4709,24196,27407,8689,15631,14020,11052,241,26722
4533750	,14261,24514,4324,6246,3627,22246,905
7003500	,7105,18730,22749,21565,20902,25090,14294,25372,17060,28899,12977,11196,12394,13247,3228,7323,16406
8070000	,11196,8637,3228
8523250	,4307,22894,24415,16110,25079,14580,20425,24929,29146,18575,3390,19394,24385,16939,7827,2198,7105,1731,28975,15934,21796,5592,16609,7070,22393,26883,21110,23779,10949,22319,911,993,18712,12352,7868,13672,12220,14261,2683,264,12160,21336,20207,10329,3627,25086,28059,28653,22583,251,15138,8689
8799750	,8307,3954,8425,4667,16406,12647,22963,19891,11080,11159,16361,7096,7286,1079,11396,11196,27615,3252,4571,22393,8327,28410,23628,25346,4389,16754,1831,13592,679,19660,27791,14020,7868,20297,11176,12977,18024,14261,12018,20826,9838,23612,4949
8848250	,24831,8689,16606,10329,21911,14020,24704,241
9039750	,7542,12220,18180,1293,11196,3228
9199500	,143,3228,27791,4081,4578
9982500	,25488,29095,19962,11263,20800,8689,4281,7096,11196,4452,14902,24737,11612,3308,21565,4949,16009,17760,11176,18730,542,29099,2683,3228,4366,12977,7868,7323,9369,16406
1047000	,25635,18990,28924,27056,7465,11196,18075,29099,25058,5883
10654750	,28463,8409,27791,5458,2270
2768250	,7105,2254,17060,27501,6114,19394,7038,911,14261,5592,21796,2257,18131,14020,15988,23779,28924,29099,16110,21110,16939,993,19962,7070,29146,22393,11263,15584,16609,13672,22319,26883,2683,21336,14294,18730,264,7868,21565,12352,20207,12160,3627,25086,251,22583,3228,12977,12394,28059,13247,8689,2367,15138,7323,16406
3573750	,14360,22950,15831,14294,23628,7868,778,11176,11670,12220,4709,25260,12394,11052,26722
382250	,26722,22393
4423500	,11543,20996,8662,6911,9111,21110,2471,29490,21515,9817,3627,554,4147,24193
4557250	,4949,19962,21996,8724,27228,8027,2257
4680000	,4220,18051,22749,3555,11196,4571,20902,16463,13942,18196
5155750	,23338,7868,2574,15432,21672,23857,29497,20297,21092,28924,3828,9985,24034,25086,7432,8173,7997,28631,21392,2999,18730,24907,15018,14661,29203,29547,11969,21110,11730,13390,11679,18805,23662,18024,24669,12220
5238000	,18024,15315,4571,13390,14580,15192,143,5936,25212,20154,24831,17405,16606,25989,29099,27791,15138,10329,3361,3627,9620,20620,11101,21911,527,4731,25372,21975,15686,21833,21110,22393,15018,2683
5655250	,20047,11624,4338,6246,3627,14020,13853,5883,23669,15988,11396,9340,9131,3702,16406,11196,14048,22246,16500,905,3228,15645
6299000	,251,15159,22359,13471,14020,3384,4949,504,14153,25830,10136,679,9230,18805,16463,29203,9948,7868,14242,14261,8689,9242,18196,8409
7269750	,18624,26288,4949,7400,11196,4019,14294,10788,20180,21110,2683,83,14020,25366,241
7892000	,25318,25820,8628,2963,29125,11022,22359,15432,27711,12068,5267,14194,2463,14887,19615,29202,9340,10928,25366,25086,1598,13247,3458,8489,16913,26754,911,21110,2683
832250	,4667,12647,7868,16406,19891,22393,11159,16361,7096,1079,7286,27615,12018,29330,20826,23628,25346,14261,5053,23782,26670,28859,11196,16754,19660,14020,20297,12977,11176,23143,18024,22963,1831,9838,23612,27791,4949
8529750	,26722,13354,15584,2891,7038,2929,20425,8662,14020,23013,24415,16110,25079,4307,22894,24929,18026,18575,3390,18075,9702,24385,7105,2198,19394,14925,12394,14580,28975,22393,29146,21796,5592,21110,23779,7070,10949,18712,993,22319,13672,12352,14261,16939,21336,911,2683,7868,12220,264,16609,3627,10329,20207,12160,26883,25086,28653,251,8689,28059,22583,15138
8940500	,25917,5297,21838,11196,23662,24172,8724,15159,16952,4949,13784,9838,22393,4571,5883,16463,14261,3720,11080,5627,2655
9972250	,11176,23187,7963
10592750	,2683,646,7868,29099,15934,6175,4366,3804,3228,12977,24942,9369,7323,16406,25488,14261
10966250	,10014,3850,27153,27390,26546,9111,21768,18932,4949,10056,7208,14266,17087,29224,20456,13039,2160,20152,6672,21865,26722,27791,4808,6246,23284,14482,5267,16818,8689
2331750	,11080,24892,4949,749,28985,17214,27927,14788,17959,9525,17732,2999,11201,21336,19980,20626,1222,5836,12758,24869,5254,22359,8689,14415,23928,19973,1428,14020,1700,24385,9620,8628,4571,11176,22,2436,14261,27033,6098,28065,29099,21919,14694,10584,22732,19036,18805,22126,953,13494,11605,11244,7868
3549000	,26288,10872,8313,12395,4443,9472,16754,12285,14020,7071,11176,21092,6880,24869,1962,14182,12977,4162,7089,18024,5957,25212,17405,20154,25989,23612,20620,4949,14261,9985,21110
3675000	,24196,16722,1138,12068,8851,20338,9563,7552,14292,10232,6498,13779,11635,11196,7297,3228,1565,911
3751500	,1237,26087,27511,22043,4571,679,9829,6630,14065,28164,21911,2513,7868
4447000	,2410,679,23928,7400,28710,11196,4949,83,10788,25366,14020,241
4814750	,15934,24869,18075,13103,26568,11776,4479,4949,949,4931,28924,7868,29099,11196
5336750	,13494,21427,24669,10872,27625,11000,8965,18730,20146,25272,5043,23251,8689,15344,26341,377,6096,14261,679,3627,5883,1047,16110
5467250	,21110,24922,23157,9985,1822,19252,27458,8763
6603750	,22359,9620,19523,14580,12352,5267,29203,11080
8435250	,6672,26614,9549,22393,18712,1385,21501,7868,16300,143,25381,14580,15911,20548,18730,27791,7208,29473,8676,18025,17060,5043,9567,3719,18273,9829,16540,8446,22489,10999,25635,19993,27509,29,21067,3304,11679,11080,16110,6246,3627,7105,5883,14261,22246,905
9121750	,11849,18075,6672,11196,15935,25733,5799,18990,7465,8327,2000,18805,11029,25058,3228,4571,2683,27791,7868
9202750	,27406,19632,12220,22727,3228,11196,7868
9946250	,15138,12754,155,22727,23241,2899,3720,26619,7868,21865
11632250	,17550,9549,7868,16722,25669,18353,4819,9111,11176,15534,24898,3047,13793,22029,15934,18990,17945,7465,24869,18075,23662,13103,11776,4479,4949,28924,949,4931,29099,11196
1247000	,12666,6929,15081,24601,17592,4683,26614,1385,21501,16300,15911,14580,5043,7208,9567,18025,8676,18712,17060,25381,20548,7868,3719,18273,9829,8446,27509,19993,25635,29,3304,6246,3627,5883,22246,905
2148250	,207,2257,11734,19973,2826,4949,25215,12855,11176,14048,16939,16429,16540,15432,9072,8689,1335,25372,25086,19632,12220,22727,7868
2350750	,14930,21146,17133,7868,23779,3458,23470,6548,10584,14209,7812,22393,24645,4452,4220,28759,10014,18180,504
2882750	,8261,17242,15805,8689,11080,11328,20979,11790,13494,1831,251,13258,3032,11665,8816,17959,11679,8943,11330,12977,24929,14048,26576,27791,27514,16110,29225,7868,18024,21672,11196,22950,18730,4949,29095,16406,4452,14902,11612,11176
2968250	,24196,22727,8637,27625,21110,12220,17331,16463,28985,3228,18805,1831,11196,7868
3405000	,5470,20918,5015,7868,4389
5226500	,27791,12541,16406,15089,4997,11080,22280,23826,14011,22484,9613,11328,11176,7105,18805,6331,8689,23013,23861,12220,6299,7061,679,15432,25086,3627,7868,11196,23829
5438000	,1282,7762,19379,4738,18180,27615,10741,13247,25372,11196,14145,5598,22484,29078
7060500	,13461,17606,17512,29388,3300,26655,7400,19005,21672,11080,83,3384,504,25366
776750	,7080,24598,2257,19829,21146,20695,12168,22168,12717,7061,14153,14777,14182,9991,22043,4329,27401,26006,18730,26699,29084,15584,18388,22359,2963,2683,2128,3228
10212500	,18273,9829,8446,27509,25635,19993,29,3304,12927,24081,6246,3627,5883,22246,905
1025250	,19514,16939,24541,27501,6114,2254,13494,14119,7868,4014,569,14261,16609,29146,26883,26665,18131,15988,8278,11176,14794,29203,7061,8689,28924,2159,29099,11196,19962,7105,24306,11263,18730,15584,28899,25372,21565,17060,22583,14294,28059,15138,12977,2367,12394,3228,7323,16406,13247
11022500	,22319,7868
2033500	,11679,11263,24306,11196,7105,15584,29099,18730,1439,21565,2519,21092,16110,7868,28899,17060,28270,20015,1293,25372,14294,11328,5009,12220,21110,12977,12394,13247,7323,16406,3228,11465,8689,12352,4949,11176,3627
2808500	,14490,12394,24196,7560
4118250	,5185
472000	,8860,21565,7868,2457,12688,2963,27961,23584,23748,14647
4809000	,12927,27149,9472,10893,18730,24081,20456,993,9111,24459,3032,11665,27637,26298,24178,28425,18080,1461,12977,28391,21110,7680,12352,27514,22393,24196,14020
4886500	,24066,20146,15934,24922,18805,2353,6571,13471,15159,26789,14020,24196,10136,9230,21672,11196,12220,9948,679,7868,8689,26608,9242,13942,19005,17640,8409,1666
5248750	,20846,14020,1831,25372,5598,12271,4078,28924
5745000	,18730,3627,26737,20658,4709,2257,11080,9838,26722
747500	
7854500	,15423,16463,19217,2421,11176,11080,530,12285,12977,20207,8278,14902,527,20484,24352,22244,4571,29099,7323
8216750	,3627,11328,26318,7511,4949,11573,27791,4366,20411,4443,19197,28621,14065,12220,11080,83,9471,24503,8689,14020,5470,6299,25366,9549,2568,241,7868,17640
10443000	,11196,8689,23793,14482,11080,13592,21110,12271,1392,28378,20555,8637,9802,2729,8226,3228,13779,7868,29547,679,22393,4571,11543,28221,10840,14020,8719,25488,23628,15315,574,2373,19466,27135
10653250	,11969,12512,619,2610,16754,8689,12977,14020,26034,11176,23096,4320,18730,18805,23662,29497,21672,28924,9985,18891,28631,2574,18024,23857,21092,3828,24034,13390,23612,21392,24669,11679,21110,29203,4949,12220
11078500	,21110,13020,7456,27092,7105,11018,23143,11679,4731,4834,17013,9275,27406,3228,14261,11196
11947000	,14020,1831,13645,13749,3627,24417,7868,8719,12162,17959,2322,15233,12688,1758,11196,21911,16865,23482,13103,20411,9522,6505,11080
3312500	,21217,28017
3734250	,27791,23861,10866,1392,21659,6290,12394,6352,6175,24942,11176
3892750	,18624,14873,26288,15138,14294,12394,21110,20180,2683,11176
4454500	,20519,4059,28184,26699,12394,11176,26288,27117
5264500	,22393,16361,7096,11263,1079,7286,27508,14533,6096,27615,12647,18730,12018,20826,16550,7868,18024,11196,23628,11328,143,25346,4172,26420,1831,19660,16754,27625,21110,20297,11176,8625,12977,5470,25372,9838,14020,12220,23612,14261,27791,4949,12394
6458250	,22280,14261
6900500	,679,14796,21659,12855,7868,6805
7600250	,2436,749,21092,12977,4078,23793,16846,18829,24892,13784,24385,8689,5652,27927,14788,4571,25488,17959,9525,17732,2999,9620,21110,10584,14294,22732,27791,5836,5254,14020,25570,19973,28641,14415,22,8662,398,29099,1700,15405,4949,953,12758,18805,27033,12285,6098,23928,22126,14261,28065,21919,14694,19036,21336,24869,18736,11176,9817,13494,3627,554,11244,7868
7715000	,642,29099,20979,26894,9486,22946,15249,2963,19394,3390,13795,23584,11790,23748,8860,14647,7868,2457,27961
7797000	,11176,24059,569,5267,29203,26608,17060,4220,18051,2257,6447,3555,7105,25372,16463,28899,3228,4571,17640,24066,679,21672,4949,6571,11196,19005,13942
892500	,26614,22179,14482,16609,12243,14020,28985,29022,10306,17446,7868,12688,15217,18741,2669,3647,18805,3627,23403,11670,239,17180
10818500	,5185,12285,1038,12220,9829,14261,18196,4618,9030,5334,23779
11141500	,29,28184,6096,6246,3627,5883,22246,905
1173500	,5592,16609,21796,26883,7070,679,23779,911,10949,23421,15931,18712,21110,993,22319,15192,13672,21336,14261,23928,12352,7868,12220,13020,2683,264,24869,7606,12160,10329,3627,20207,5598,8257,8049,25086,28059,15661,15730,28653,22583,15138,251,8689,20037,5848,20143
12204750	,4949,21533,6571,10788,21110,7963,83,25366,14020,241
2076000	,24015,20902,24816,2367,20536,18196,21841,24886,3390,11196,11679
2448250	,21672,11196,12541,949,24669,13244
2891500	,28370,1237,3047,23842,21539,13240,12175,7467,20966,11176,25086,21110,3627,14580,255,26722,14161,819,4949,8724,8027,2257
2940000	,26357,20143,3941,5836,1337,4763,20648,14379,19500,4331,18835,11272,28410,29490,12394,1994,647,18730,25086,20470,9639,2257,14694,21091,9284,11280,4949,11176,29084,3390,904,15935,12220,14580,19835,24519,2683,11080,25260,24486,12168,11767,26722
4059500	,27407,8689,805,28710,24196,11196,19523,4949,28465,10788,9549,15631,16463,14020,241
4153000	,14694,3254,17921,17835,21883,5043,2683,14294,9567,9111,27539,2655,18075,20048,14942,21110,11080,12168,18879,9912
415500	,4452,4220,194,28694,8689,27437,3151,27791,7542,554,18180
4895250	,12977,9152,15883,3555,17455,21838,7868,25372,679,10726,16302,3627,1831,29203,20694,3228,4571,25960,28418,23779,16606,24669,12220,7248,24831,26308,21067,25670,21865,11330,10329,16944,19166,7542,22664,15478,15907,16624,24541,12068,18075,12606,11638,18180,21092,17453,15423,25917,10948,27625,8689,21110
5911250	,8446,19993,25635,29,6246,3627,5883,22246,905
7976750	,25372,21911,25483,2159,19813,26806,3228,7868
8049000	,5077,5067,16463,17470,14276,6352,11670,26180,1107,18805,14159,14319,17640,14294,21094,5706,28410,25556,2929,14821,15315,2683,14240,11080,4220,18051,4949,18730,25346,3555,4571,22749,20902,18196
8628250	,14580,18730,26298,28368,14153,19217,18281,29,12790,8630,16155,12977,11080,16463,11524,18080,14360,17118,2669,19993,12352,15390,29465,21110,25733,21225,22393,6246,7680,12220,3627,8689,27407,18024,4709,24196,14020,22246,15631,905,11052,26722
10756500	,29203,574,12220,15631,26972,17706,6656,7260,8689,27394,26771,22727,6158,23628,12162,3032,7868
1118250	,18131,7868,29203,10970,15988,18967,28924,3626,27346,7070,9582,29099,11196,18712,19962,7105,6672,11263,5661,11465,18730,7061,28899,25372,21565,13494,17060,26665,14794,15584,12352,8689,8278,4949,2159,24306,12977,14294,12394,11176,13247,2367,3228,7323,16406,3627
12016750	,647,25086,18001,15784,5661,1000,4807,3647,12078,27437,26404,12068,6104,18612,28662,24277,26754,15584,21110,3390,7061,18353,12287,9671,2198,3362,7248,2683,28653,24060,18741,11849,27683,16821,7868,25415
12142750	,14261,14942,19539,27791,4949,8637,3658,15811,11679,14486,9834,7868,12352,22749,18730,2513,6672
1244250	,22126,7070,4709,28183,7980,19951,624,2764,1691,27670,4324
1767500	,18180,5598,619,10014,504,7409,6690,27977,20180
2386250	,25086,3627,9953,24507,11196,12220,23829,948,7868,26754,1008,7061
2752000	,22505,19772,217,19405,5043,3313,5667,14917,8689,22087,21110,10702,11679,2042,12243,22179,3032
439000	,29547,8719,14580,4351,4221,20449,24486,27458,3228,18835,1041,7105,11499,647,11080,26404,6104,3390,12287,2198,3362,24060,16821,7868,25415
5962750	,3228,27060,1950,9640,7105,21838,17706,178,24172,2683,16373,11080,5803,27446,16800,9563,6352
7143250	,12688,11176,13784,21983,28641,12865,29203,7061,28985,15799,13039,13265,1773,23251,20751,10404,3074,19941,7360,22366,26114,2771,3032,4949,15811,637,3181,3627,26077,7613,11080,217,22087,10702
9079500	,22556,11022,7208,4691,28759,29095,16406,18730,25669,15741,25272,4452,14902,4949,11612,11176,11196,7868
9123500	,9829,7868,7061,26789,4324,7080,8446,13888,27509,10176,25635,19993,2610,18678,29,3304,6246,3627,5883,14694,22246,12168,905
10539250	,21110,11176,10176,4486,2812,13247,9838,2683,23612,4949,14020
11137750	,24869,12068,22447,24669,934,4078
1459000	,24601,17592,4683,5043,18712,1385,21501,16300,25381,14580,15911,20548,7208,8676,9567,18025,17060,26614,7868,3719,18273,9829,8446,27509,25635,19993,29,3304,6246,3627,5883,22246,905
1911500	,4949,21672,21919,23999,28410,28065,19814,11328,6148,7105,6096,6672,9838,14261,13494,7868,7186,4479,11196,21815,8689,10872,12220,25260,26722,11052,3627,3228,18730,2257,1047,16110
4097500	,11682,14261,29099,20045,11465,12352,4731,4949,26168,8689,11176,3627
4259500	,15258,2179,15645,4571,12541,8307,22393,3954,2033,4949,19394,12647,11679,22368,18805,17061,11018,8005,28270,9111,25372,3665,3135,2826,7323,21657,23628,13494,15315,1222,7868,2452,11176,29099,4731,14261
4547500	,13749,10151,18843,6352,2159,8173,26694,27060,7868
5037000	,22077,2945,11196,20648,21067,21092,19416,20803,19993,4571,12068,27791,6880,21140,679,2257,7868,14796,2683
5279750	,3979,27514,28675,3457,5848,679,2929,15934,12352,22393,14182,9802,29269,19514,13592,28230,9912,23662,21092,25211,360,12977,24196,1222,28410,22280,21110,11080,6880,14956,3228,14020,23928,18730,8719,11793,20386,2368
5726500	,4300,21110,10059,22731,25372,12977,12220,11080,3228,14470,13779,25733,17244,14020,241
7405250	,14294,3068,2323,16243,28463,14360,15125,5067,17431,4709,23628
746000	,14261,7613,12352,5883,3032,18805,27092,6571,4949,3627,12435,8724,8027,11080,2257
8163500	,12977,12394,13247,4571,3390,22505,14261,21092,9252,9502,11080,15584,7323,16406,7868,3228,27458,2257,24608,18868,23103,15022,22621,26959,28438
8215250	,11176,13494,8689,9242,1222,25372,4731,7868,24628,8409,14261
9179500	,27406,14020,13471,29375,12220,10136,22727,9230,9948,17214,19993,3228,27637,8689,9242,20823,7868,8409,1666,2683,17835,11196
9807250	,16550,17759,11196,23934,679,21672,26699,26722,6096,25086,12220,19890,13942,2128,21885,19005,18905,7868
9839750	,28410,16653,18167,21110,7868
10799000	,18353,11176,3047,23662,18990,7868,7465,15934,17945,24869,18075,13103,11776,4479,4949,28924,949,4931,29099,11196
11158000	,20536,12076,15018,4834,11396,21930,26422,24565,25169,360,8637,5043,21657,239,11679,11196,7868
11494250	,24601,17592,4683,5043,26614,1385,18712,21501,16300,15911,25381,20548,14580,7208,9567,18025,17060,7868,3719,18273,9829,8676,8446,25635,19993,27509,29,3304,6246,3627,5883,22246,905
11734000	,12220,13084,22727,26546,7747,28985,23207,679,7868,14490
11737250	,7868
11782250	,845,2683,251,9620,18002,21865,993,12586,16550,3228,28059,7127,7868
2006000	,9829,18273,8446,27509,25635,19993,29,6246,3627,5883,22246,905
2088000	,15934,14020,15502,11080,2891,12491,10714,13354,3555,2257,11000,2655,24601,26722,8662,4307,22894,20425,24415,16110,14580,24929,29146,3390,18575,19394,17431,4078,24385,16939,7105,16556,13020,15019,28975,21796,22393,16609,5592,7070,26883,25079,23779,21110,911,22319,993,18712,2198,12352,7868,13672,12220,14261,21336,2683,264,10949,12160,3627,20207,10329,25086,28059,28653,22583,251,15138,8689
3396250	,7827,27791,29099,1031,16939,11196,27056,679,29077,4949,18990,15138,7465,251,18075,3228,25058
3846250	,3047,28653,2826,16818,21936,16722,12220,24541,2367,25380,15859,1080,11201,14020,12352,911,26288,17823,2963,11679,15584,11882,23143
4370750	,1831,23782,12220,3555,17640,4571,24922,16343,25372,23628,2353,4078,14020,2655,21336,15159,13471,10136,9230,7868,9948,7168,8689,2367,9242,8409,1666
65500	,18736,7868,29202,21840,2452,5814,28463,27961,28687,14623,24196,6152,5443,29099
8072250	,8689,9525,17732,2999,4571,9620,21336,14894,10584,19973,24869,12758,5836,22732,5254,11196,23143,14415,19514,23928,1700,11176,12977,15405,29099,1392,22095,18805,14261,953,28065,22126,21919,14020,14694,749,9817,13494,22,3627,554,11244,27033,6098,7868,19036
1492500	,16110,14887,8637,15383,11196,26605,14550,22950,8689,18730,29095,8643,7868,4949,3627,4452,16406,14902,11612,11679,11176,11052,26722
1528500	,7059,646,26585,22280,24929,18466,1505,18736,414,7248,3627,12977,21092,28370,23781,5799,22749
1792000	,9301,7090,11176,23338,23214,16540,23623,12307,13390,6203
2316250	,679,7868,1598,23475,26546,6621,20694,28662,18180,15065,1390,2323,14294,26754,12394,22950,949,9657,26288,14360,3740,18990,23628,4709,11052,26722
2557000	,22393,15138,22583,8689,28017
3317500	,24929,8662,14048,17657,17959,11679,27160,12352,11864,26576,22113,1917,25366,29225,12977,22393,16110,8767,27791,1501,8637,18024,7868,8261,21672,24196,11196,3032,11665,12394,22950,29095,16406,18730,4452,14902,11612,4949,14020,27514,11176
417250	,6104,12557,15584,3390,12287,21838,2198,26800,3362,24060,22727,12068,16821,25415,7868
4378500	,13390,2826,26871,11857,12394,22947,11176,16100
4503500	,7827,26754,4949,24704,27791,24193
4876750	,11378,15138,11080,5336,7868
6126750	,27191,4076,15019,6988,29497,10404
6872750	
7184500	,21336,2655,5267,29203,21533,6352,527,2899,24541,27791,4571,24517,10193,16939,28463,2159,7868
8156500	,2198,9620,10999,12394,19974,25214,6665,6951,4078,16420,11176,8842,6447,1831
8172250	,21657,1222,14261
8528750	,554,15315,25372,15672,19993,16913,27791,24193,2683
9586500	,2457,16821,24601,14647,10620,25415,27888,27961,414,10795,17401,7868,8860
11114000	,21110,20386,22246,905,25372
11772000	,12888,6672,12666,6929,15081,24601,17592,4683,5043,26614,1385,18712,21501,16300,15911,14580,25381,20548,7208,8676,9567,18025,17060,7868,3719,18273,9829,8446,27509,25635,19993,29,3304,6246,3627,5883,22246,905
12015250	
140500	,17606,18730,3627,2249,17512,24379,7868,6158,23779,679,21672,14625
2364500	,26546,9111,7208,14482,10056,27390,21768,22499,18932,14266,2160,14020,6672,26722,27791,6246,4808,23284,5267,16818,8689,15138,21865
2733500	,29,14451,19824,6246,3627,13272,5883,22246,905
3014750	,15883,18805,24907,14159,4235,4551,20506,26608,22380,5845,28166,7168,13240,20154,1037,2655,4220,18051,20472,3626,1147,25687,11465,12220,3555,25372,17640,24922,14020,679,2353,15159,4571,13471,10136,7868,9230,9948,19993,8689,9242,8409,2683,1666
3096750	,15315,8628
3511000	,5053,28621,4571,8327,15584,20846,25372,29203,15896,8725,23782,26670,28859,2610,28410,6548,11263,259,21146,4389,143,13592,18196,16818,2000,16463,23143,679,8307,3954,8425,4667,16406,12647,7868,22963,19891,22393,11159,16361,7096,7286,11196,1079,27615,12018,20826,18024,23628,25346,14261,16754,1831,19660,27791,14020,20297,12977,11176,9838,23612,4949
4782250	,9620,993,16550,12586,3228,24196,10193,28059,15359,21672,27791,14020,679
5170500	,14020,4949,4571,19973,18805,21672,6096
6233750	,10948,10893,21110,17133,26619,14930,21146,7868,6548,23470,3458,10584,7812,14209,22393,24645,28759,4452,10014,4220,18180,504
8017000	,9567,18273,9829,8446,27505,27509,25635,19993,22280,3719,29,15096,3304,6246,3627,5883,22246,23284,905
8353250	,21110,2471,18868,28401,22204,9620,16653,13247,7230,3438,12352,7560,12285,4302,16331
9076750	,14242,5306,11018,8005,3313,17732,2367,14533,9111,18805,15258,15645,2179,11679,8307,3954,3135,14119,27791,21067,19394,12647,17061,21659,22393,23628,28270,22368,15315,2033,21657,29099,3665,25372,2826,11176,13494,1222,7868,2452,4731,14261
10119250	,6621,28184,11080,5087,4571,7400,28710,18730,11196,2257,1831,4949,8719,11793,23928,27791,10788,83,7542,25366,14020,18180,7868,241
11131750	,11080,12352,3390,22094,14174,24780,2033,25488,882,4039,915,6299,12977,18024,28525,23779,29547,5738,7105,10726,2257,11196
11794250	,993,3627,22365,1218,2513,29099,164,27092,14025,2891,28924,19523,14580,11080
3148500	,18805,9522,11670,19258,28508,15217,6505,7868,1831,14482,16609,20411,26614,22126,28270,155,5306,7620,239,11196,11080,4762,27346,17180,12688,16217,14894,3627
3245250	,13471,16429,2610,10136,2257,23878,14020,9230,9948,22482,1335,6175,4949,7868,25372,24942,9242,8689,12394,12220,11176,8409,1666
3326250	,4571,27511,17232,10866,18080,8943,614,20154,21110,9389,7552,27389,7680,24459,4163,21911,9479,18712
3404000	,12666,6929,15081,24601,17592,4683,27791,5043,26614,18712,21501,16300,25381,14580,20548,7208,8676,9567,18025,1385,17060,7868,15911,3719,9829,18273,27509,8446,25635,19993,3304,29,6246,3627,5883,22246,905
4625750	,25366,3151,5067,8689,24869,530,14482,17945,26000,10840,24471,22321,15446
5110750	,19416,17770,934,23662,5590,11176,251,4949,3658,18167,1739,21146,26114,1004,7096,3228,11196,4834
6301250	,10840,18730,8719,25488,11573,25917,16463,15315,14292,4709,12271,8689,2373,1031,25596,14942,13209,19466,7868,27135,23628,8637,20555,8226,22393,29547,11543,574
6380000	,27514,22393,28059,20327,24196,14020,24459,28425
691500	,5267,11730,26523,14498,3228,17453,25917,6080,22547,239,23013,19328,834,27912,10948,14119,27625,20661,21840,19974,24669,12433,29445,21092,4270,8689,12431,21672,7868,28641,27791,12977,26288,21110,26485,22664
7918750	,24541,26168,7479,18275,26404,26959,15019
8160750	,3958,14020
8822250	,14490,4578,25402,18843
9513250	,14182,15116,12583,11452,15584,18024,23861,20800,11605,16420,1008,23928,414,9195
9671750	,25372,29,8689,21110,7868,2826,29203,5883,26722,3627,6246,22246,905
11558000	,12674,749
1838750	,25086,28059,28653,251,8689,22583,15138,16818
2198750	,5429,14294,12220,13216,9250,13054,12394,16550
2807500	,14580,2683,15138,18741,10014,18805,11329,5557,14647,19379,18024,3817,1010,1015,12688
2823250	,19179,7868,4053,14580,29203,24911,21338,19381,3719,4997,26614,27791,11679,8689,16429,26722,5306,12285,2033,13390,22027,2257,14242,14153,9111,3304,1335,22393,27160,25372,23861,10866,14020,21659,1392,25329,8662,8148,2610,12220,4949,6175,12394,24942,11176
299750	,17405,25989,2471,7868,8689,18024,20154,20620,24601,9242,11080,2367,24869,8409,21110
3009000	,4571,8637,16463,28347,23214,11000,7230,12964,1507,17732,15019,3720,21110,14261,11080,2033,27117,2655,8724,22393,5627
393250	,614,24066,6571,2891,19980,22749,11176,20902,679,1428,519,11196,13942,4949,11605
5082500	,7105
5828250	,25570,1031,14261,24869,11524,12688,25372,599,12610,15019,143,11196,3324,28975,25214,22280,4039,10893,3719,12352,12394,22126,12754,21110,3093,9111,7680,28653
64000	,4076,7868,11080,12394,2457,27961
6807250	,527,20620,9620,679,7233,8327,13390,13394,10646,8630,5529,15192,21833,25372,27791,15018,21110,21975,15686,2683,22393
7568750	,3458,1831
791500	,18697,22359,8028,6542,679,16463,12285,10353,29203,5863,21110,19973,3068,7624,12168,16243,21050,16972,28463,18805,4571,23424,27511,14712,20297,10810,8689,23492,21911,3627,24831,16606,10329
8346250	,27625,17061,14426,23628,29547,19615,24576,23861,15315,3665,16939,6734,12754,29099,21657,2826,16722,9111,25372,28759,7105,15534,24898,18730,4003,22029,13793,13494,1222,11176,14265,4731,21865,7096,14020,7868,17606,14261
8792750	,26614,17823,14482,16609,11201,26288,911,2963,11679,15584,11882,23143
8909750	,16361,7286,2257,7096,27615,15681,24066,28270,23628,25346,6571,16754,20803,24054,14020,12977,11176,679,21672,11196,9838,13942,23612,19005,4949
11121500	,29330,15390,4238,24601,4262,18805,4294,6597,8689,15432,9195,23338,23662,25086,15799,24669,7997,18024,24907,29547,20297,11730
11129250	,10151,11687,3181,23251,6672,29099,14261,217,22087,4949,10702,11080
11527500	,25372,6505,14930,21632,17606,5305,17512,10893,3627,16884,7868,21110,11196,21672,12688,27791,22393,11080
1365000	,24196,679,14020,14580,13737
1688750	,2655,11857,7248,19632,22727,19671,5376,14020,7868,12220
2103250	,3627,26523,26168,25193,22280,23549,25219,26722,11022,11052,24601,25260,14265,3228,24341,16110,18730,7822,24325,14902,5458,20661,6724,13592,13737,14261,2257,19005,1831,12394
3684750	,23782,26670,28859,2610,29203,11263,20846,28410,6548,259,25372,21146,4389,143,13592,18196,2000,16818,23143,679,8307,3954,8425,16463,4667,7868,12647,22963,16406,19891,22393,11159,7096,16361,1079,11196,7286,27615,12018,20826,18024,23628,25346,14261,1831,19660,27791,16754,14020,12977,20297,11176,9838,23612,4949
3799500	,10014,3850,27153,14482,27390,26546,9111,10056,18932,22499,14266,2160,6672,14020,21865,26722,27791,4808,6246,23284,5267,21768,16818,8689,15138
4087750	,11176,23475,18990,7868,23612,251,4949,27791
448250	,24942,12394,11176,15911
4631250	,21657,17550,7567,14048,1031,679,9549,3228,20896,25669,9907,18353,11176,3047,23662,18990,7465,7868,15934,17945,24869,18075,13103,11776,4479,4949,28924,949,4931,29099,11196
4712250	,5067,5077,16463,17470,11670,26180,6352,1107,14276,18805,14319,14159,14294,21094,5706,17640,25556,28410,14821,2929,2683,14240,15315,4220,18051,11080,4949,18730,25346,3555,4571,22749,20902,18196
5522250	,24066,10788,17606,17512,6571,4479,17640,25260,4949,15315,28710,7048,11196,2257,679,13942,19005,21672
650750	,18202,17772
6904000	,7465,22887,17402,849,16169,1392,21962,22749,29213,26829,29203,9295,7208,10014,3850,27153,14482,21768,27390,26546,9111,18932,10056,22499,14266,2160,21865,6672,26722,14020,6246,27791,4808,23284,5267,16818,8689,15138
731750	,28631,23623,3384,15924,11196
9215000	,27791,1598,12220,25029,24196,2323,8651,7868,26754,22950,14360,23628,12394,4709,14294,11052,26722
12331000	,3627,18075,28463,24831,28410,17453,16606,25917,10948,27625,10329,22280,21092,11080,21739,19540,11330,21758,8689,26614,7868,6294,28184,23928,18730,8719,21110,1831,11793,7542,18180
1622500	,23861,10866,25329,451,21659,8689,1392,17835,14153,28391,18771,7522,27160,24831,21865,26722,12220,2610,25086,8637,4949,15584,679,19179,6175,24911,19381,12285,8662,24942,14020,22027,12394,7868,8148,11176
1710500	,23861,10866,9817,1392,13390,3627,14780,554,2217,21565,6175,7868,24942
2232500	,15934,15502,16556,2891,12491,10714,17431,13354,2257,26722,24601,13020,15019,26516,14020,8662,4307,22894,6431,20425,11080,24415,16110,25079,29146,18575,3390,19394,14580,16939,24385,7105,2198,28975,11000,21796,22393,16609,5592,7070,26883,21110,23779,24929,10949,22319,993,18712,12352,911,13672,7868,12220,21336,2683,264,12160,20207,10329,3627,25086,14261,28059,28653,22583,251,15138,8689
252500	,22484,9613,27791,12352,4997,22280,11080,12541,15089,11328,18843,23826,14011,11176,7105,6331,4949,23013,8689,16406,18805,12220,7061,23861,6299,15432,679,25086,3627,7868,11196,23829
3010000	,4709,7680,9838,15631,13975,11052,26722
4317250	,27509,12220,3398,25635,19993,18628,29,4172,8338,12173,3304,5619,15159,6246,3627,22029,5883,22246,905
4475750	,1385,21501,16300,25381,15911,20548,15584,18712,7208,8676,9567,18025,17060,20551,18024,21092,4281,25651,23103,23774,24944,1803,9671,18273,9829,14580,17958,259,24869,27401,11612,6539,8446,18805,15934,12068,27509,19993,25635,25372,21110,8689,29,13592,3304,3719,6246,5883,3627,22246,905
5078750	,28465,24015,19339,15934,4775,1666,17060,10893,13592,23628,25329,14596,8483,29203,13103,7260,17945,22359,23071,5310,11776,14261,17959,17835,27625,12433,14580,16463,4479,4578,9111,27319,7827,554,7096,27791,28924,11176,4931,949,27056,21657,9549,24869,679,25669,1031,3228,18990,18075,7465,25058,4949,29099,11196
5287000	,21581,11196,1591,7400,10788,4949,83,14020,11080,25366,241
5910250	,6299,8689,5738,12977,9242,10726,26605,12220,8409,1666,2257,28525
6015000	
621500	,17760,11080,21911,4366,11670,3723,5843,18180,22393,18805,6326,9369,7868,8689,24933,16009,8637,13483,28410,19973,20425,3308,29099,12168,15584,2683
6264750	,21110,18196,9985,1415,2655
6266000	,9230,11196,9948,6630,2513,18292,14065,28164,9242,22727,8689,8409,7868
6921750	,637,19005,28954,12220,2367,8193,19458,1666,29497
7445000	,16463,18075
8910750	,22934,13247,9838,12394,3469,18167,23207,23612,11330,29078,10948,4949,26614,5598,24929,12688,27514
9651250	,8489,22359,11022,27711,15432,16913,2323,12068,911,2463,14887,19615,29202,14360,25086,3458,5639,4709,23628,21110,1598,2683,26754
9685000	,16429,11605,16540,15432,8689,9072,1335,25086,25372,17032,5403,19632,12220,22727,7868
9716500	,20425,6908,20694,14887,15383,14550,28065,13086
9842500	,22280,26722,2128,21110,19458,6331,25329,11052,23013,21995,12220,3190,22319,11196,14294,7868,25086,18805
9973000	,10240,28653
10642000	,24886,4571,14294,25427,23143,3390,25570,215,11159,10999,1966,7105,3627,12162,23831,5053,17013,27406,21334,26728,7868,11280,7576,24015,11176,27625,2367,21110,3228,20536,11679,11196
1114000	,7613,18024,25960,27950,217,22087,10702
11646500	,2437,22246,13975,905
11939000	,10329,21911,18805,23260,25260,26722,18730,15814,11052,1047,8689,3228,3627,25596,2257,16110
1194750	,3384,25635,504,7037,12737,14695,7868,7827,24669,23103,5306,3068,20551,11983,21092,3627,11687,12220,8637,23928,28710,11196,4949,10788,7400,14020,83,25366,241
1531250	,11670,26168,24193,6092,26523,25260,6546,21110,21146,3719,4676,239,23338,12216,7026,22442,24180,17180,10247,4078,7868,22179
1782250	,5845,21110,14415,12143,2568,14788,3237,18024
190500	,4281,18465
2704750	,22359,11547,5764,3228,16483,11196,3658
3304500	,16406,29203,8689,1392,4324,1197,26634,4807,3804,6158,10461,903,7560,15065,18217,8219,11631,11196,14020,5081,16540,21110,3592,13020,29099,489,17512,11679,22269,18086,4931,16110,13554,17228,24461
5256500	,3775,20679,614
5751500	,5267,24869,15086,7004,23928,2033,15896,5268,19632,5336,11280,26434,1392,27625,12977,28759,21094,26485,14873
599750	,10097,27791,29146,530,18072,18990,12285,20386,9657,20297
6571750	,24541,20158,14580,18868,993,5661,3627,19523,911,9193
805750	,11052,26722
887750	,15934,3135,17237,24764,28270,26754,15019
9044750	,8425,143,4667,5470,22963,12647,16406,11159,16361,7096,19891,7868,22393,1079,7286,11196,27615,12018,20826,18024,23628,25372,12220,25346,1831,19660,16754,20297,11176,12977,14020,14261,12394,27791,9838,23612,4949
965500	,14902,22393,11612,12056,9671,11176,2963,18712,26546,26378,25003,28017
10533750	,26523,24341,7822,24325,3032,14902,25193,5458,13451,19974,20661,6724,13737,26972,17945,13592,3627,27346,26722,14265,11052,25260,18730,3228,16110,24601,1831,2257,12394,19005,14261
1181250	,9295,10014,3850,27153,14482,7071,21768,9111,26546,10056,22499,5458,8339,14266,8058,7465,2160,16169,22749,29213,26722,21865,14020,6246,27791,7208,4808,5267,27390,18932,16818,6672,15138,23284,8689
12275500	,5429,83,6246,7572,5883,3627,25366,9563,27791,22246,905,21930
3742000	,4949,1222,18805,24193,7868,21796,11176,20846,4125,5336,23656,21847,11357,4571,2669,7297,14482,3627,14261,26168
8243500	,1031,679,3228,20896,9907,25669,17455,9549,18353,18990,7868,15934,7465,14048,23662,13103,11176,3047,17945,24869,28924,18075,11776,4479,4949,949,4931,29099,11196
8324500	,3228,26722,9657,18741,7943,14020,28369
9351750	,2513,12588,7868,20626,18002,3627,993,2891,12220,14580,11080
9592500	,27791,9549,18271,22552,9985
984500	,25260,679,27791,7868,28985,20718,19539,11080,6672,18730,2513
10264750	,5336,29203,5883,7868,14020,11080,241
10840750	,8662,4307,22894,20425,24415,16110,25079,14580,24929,29146,18575,3390,19394,16939,2198,28975,22393,5592,21796,7070,16609,21110,26883,23779,10949,22319,911,18712,993,12352,7868,13672,14261,21336,12220,264,2683,24385,7105,12160,10329,3627,20207,25086,28059,28653,251,22583,15138,8689
11440500	,21657,29099,29203,22393,25372,1962,14182,4162,11176,6880,2826,679,26576,6571,7411,20608,1803,7089,25212,20154,13494,18024,15584,1222,16540,25989,17405,14226,17986,7936,7868,2452,20620,504,2179,21110,4731,14261
1189000	,11263,28410,25372,259,15584,28621,21146,4389,29203,143,13592,18196,6548,2000,23143,679,16463,8307,3954,8425,16818,4667,16406,7868,22963,12647,19891,22393,11159,7096,7286,1079,11196,16361,12018,20826,18024,25346,27615,23628,14261,1831,16754,19660,27791,14020,20297,12977,11176,9838,23612,4949
11896000	,22405,19166,3176,12977,11176,12068,14020,11196,10872,23612,9838,4949
1806750	,28641,11022,1771,6621,27791,684,24887,20579,20701,2771,5310,21672,5267,7542,22664,28463,29099,28435,17748,18290,26485
19500	,25381,20548,7208,8676,9567,18025,17060,14261,27946,3719,14048,18273,9829,18353,25933,5086,17572,8446,27509,19993,2610,25635,27927,29,20551,3304,7096,11080,19421,6246,3627,5883,22246,905
2050000	,9609,4949,25372,12329,16463,2826,11022,10702,21338,21067,25329,679,8148,22393,21336,2610,4053,2033,14242,5306,23861,10866,27791,1392,4731,21659,6175,24942
232000	,12754,3627,20207,1831,21110,29547,8148,16722,28759,18730,24898,15534,4003,25086,13793,22029,18791,14265,251,679,7105,7096,14020,21865,17606,7868
2988000	,11776,1822,17133,18990,3047,4479,7465,4172,7910,7868,28924,949,4949,10840,4931,6203,12606,6548,10282,15828,14914,29099,11196,22482
3216500	,22359,12285,6542,10353,21050,679,5863,16463,5067,21110,20548,21146,23424,19973,29203,12168,18697,26121,3068,14712,20297,18805,16243,8028,16972,28463,4571,10810,27511,23492,8689,24831,3627,16606,10329,21911
3719250	,8637,28463,4078,17150,12431,2159,7552,5627,6101,18362,7868
5139250	,23793,911,25781,1731,18183,17959,23826,11793,21336,26716,21067,11080
6354500	,1079,11196,7286,27615,12018,20826,18024,23628,25346,14261,26159,1831,16754,19660,27791,14020,11176,20297,12977,9838,23612,4949
6852750	,18180,8689,5334,7356,12285,7822,16939,7208,23779
764000	,12888,6672,12666,6929,24601,17592,4683,5043,15081,26614,1385,18712,21501,25381,15911,20548,14580,16300,8676,9567,18025,7208,17060,7868,3719,18273,9829,8446,27509,25635,19993,29,3304,6246,3627,5883,22246,905
8314250	,25933,3536,3228,19416,4626,17770,11196,4834
10816000	
11949750	,10353,20300,16519,25009,12063,7868,25177,43,14261,5403,2198
12234750	,27033,6098,11196,25517,24831,4510,16606,19036,4078,949,22126,10176,21110,10329,21911,3627,26614,6980,10893,25372,29465,21632
12239250	,12352,949,14536,5856,7868,14261,15838,15584,12271,11882,23143,20519,27117,6672,26288
3288250	,8269,202,15584,7038,9486,4078,3555,12394,14020,16556,15502,11080,15934,2891,12491,17431,13354,11000,2257,25651,4750,26722,13020,15019,24601,8662,4307,22894,20425,24415,10714,25079,14580,24929,29146,18575,16110,24385,16939,7105,2198,19394,28975,3390,21796,22393,16609,7070,26883,21110,23779,5592,10949,911,22319,993,18712,12352,13672,7868,14261,12220,21336,2683,264,12160,3627,20207,10329,25086,28059,28653,22583,251,15138,8689
3977750	,1222,25596,13975,17060,21869,17087,1461,14261
4921000	,3032,19974,18990,1031,16672,15534,28418,14048,8689,23549,9912
5024500	,22864,18730,3151,14020,9802,25029,528,20747,26722,13888,15138,12220,29084,16550,14265,17748,12394,21110,12977,3228
5608250	,12220,6299,29099,2683,21110,25260,24486,11080,11767,26722,12168
5812000	,24922,14020,3228,2353,15159,13471,4571,679,10136,19759,4039,9230,15269,15672,9948,7868,20506,8689,9242,20472,11465,8409,1666,19993,2683
6172000	,2971,10999,26168,4366,7868,7827,2683,6672,24704,24193,26485
6713250	,26728,9912,8689,20386,17177,2945,14261,24541,2368,5185,12168,18805,27625,24344,18879
7361250	,8719,9291,24541,28410
7893250	,7560,28525,4571,14020,13554,11176,15315,13020,17228,7323,2367,29099,11679,24461,11196,16110
7921500	,28164,12220,22583,15534,14020,2513,23612,28087,7868,12674,22556
9394250	,15988,7061,8278,14794,28924,18024,9563,9620,2159,15390,19962,29099,15584,11263,24306,14894,15432,16540,11176,8689,6571,17087,21565,18730,29203,569,25086,14294,7105,13942,12977,12394,13247,17060,25372,11196,28899,7323,16406,3228
10592000	,4694,13878,16722,207,17846,25329,12352,22393,11734,2826,18024,25215,12855,14048,16540,15432,19973,9072,2610,11176,5598,6951,4949,8689,2257,25086,16429,19632,1335,25372,22727,12220,7868
11307500	,9340,24440,13784,10928,25366,5264,5639,20979,25420,28463,18167,24944,3740,25318,25820,8628,8489,15432,16913,11022,22359,911,27711,14887,19615,29202,12068,25086,2463,1598,13247,3458,26754,21110,2683
12384250	,28463,4300,2270,27791,11196,5458,3228
2253250	,14261,26722,26288,14153,11328,11080,11652,3093,21067,437,16722,9111,1591,7680,155,9220,23525,28189,11196,28924,527,1031,28653,18575,28975,18730
4399750	,7354,679,12688,27514,14490,6148,7868,23207
5915250	,24922,29146,19962,14794,8278,16609,11263,26883,2353,3626,2159,21336,13471,15159,7070,18730,264,24306,21565,12160,10136,14020,15584,9230,9948,14294,7868,12220,12977,3228,9242,28059,13247,12394,22583,15138,7323,16406,8689,8409,2367
6234000	,2929,24922,2683,14240,15315,14159,24869,11080,15159,25346,18730,2353,26699,13471,14020,12642,12438,10136,7868,9230,22749,9948,16463,20902,1107,8689,9242,4220,18051,18196,3555,4571,8409
6683750	,12352,14451,4939,2159,4949,11176,2826,20127,24977,14818,17945,24562,25372,15446,3627,27638,7868,5267,29203
7830250	,23861,25372,911,14580,9193,554,17237,11080
8096750	,22393,15584,3627,2683,12160,20207,12352,12220,25086,21110,23628,1630,251,20918,28641,8689,21672,24887,5267,26485
8430000	,17771,10480,27328
10000250	,9563,28256,19974,6171,17153
10566000	,28759,4452,4220,10014,18180,5403,26288,2198,504,3854,2319,11204,9486,7868
10598500	,24869,21565,10584,7620,8692,11776,599,14261,11696,12220,24409,14020,11524,7868,25570,25372,12610,15019,143,3324,28975,25214,22280,10893,4039,3719,12352,12394,22126,12754,21110,3093,9111,7680,28653
10773000	,18736,11889,15639,28124,26722,8724,20608,14922,20585,5336,9846,7868,9486,19615,12352,12977,2257
11711250	,16243,4053,14153,14780,25329,22393,27160,5306,20617,14242,2033,14020,599,8148,9609,27791,2610,8662,4731,13390,4949,21338,7868,21659,21565,12394,23861,10866,1392,11176,6175,24942
12229000	,13471,13737,10136,14020,12220,7868,28391,9230,9948,8689,9242,12588,8409,1666,17389
1617250	,18180,7868,5667,24942,7061,19405,1505,23284,27791,21919,21533,5077,28463,11951,11329,2217
2756000	,18075,2198,5336,7868,25058,18002,15138,8637
4257000	,4949,15089,11196,15584,4571,23475,24503,11176,21110,27625
4304250	,24601,17592,4683,5043,24929,26614,18712,1385,21501,16300,25381,14580,15911,20548,7208,8676,9567,18025,17060,3719,18273,9829,7868,8446,27509,25635,19993,29,3304,6246,3627,5883,22246,905
4336750	,21225,24066,16155,8689,6571,27407,22749,20902,4949,4709,24059,679,16463,11196,15631,13942,11052,26722
4658500	,26288,18080,28418,23779,26614,12977,1670,15883,7868,7248,3555,29203,25372,26308,21067,25670,1831,10726,16302,679,4571,16944,17455,16463,19166,21838,15478,3228,24669,16624,7680,24541,25960,21865,7542,12068,12220,11330,22664,11638,15907,15423,18075,18180,12606,21092,17453,8689,25917,10948,27625,21110
6334000	,11882,23143,23120,22393,28017
6497000	,241,18233,20747
6780500	,11244,25676,4571,29099,10893
8111500	,12790,2257,11018,9072,527,23549,23878,23793,454,22727,7868
9463750	,11018,12160,24831,5067,23143,3627,11679,16606,10329,29099,11857,8689,17013,27406,16406,7105,15138,3228,11196
10713250	,11220,679,29203,1031,22633,16463,14446,8643,18196
11313000	,16429,28391,2610,24015,2367,16540,28059,9072,8154,7963,15432,8689,21865,1335,16406,25372,25086,27791,19632,5185,23491,12977,12220,22727,7456,27092,7105,11018,23143,17013,27406,7868,11679,3228,11196
12004000	,18958,10452,15138,16463,12754,17191,7680,16540,5081,15307
12377250	,679,12977,22313,24447,19023,24427,5492,21110,27946,19405,11052,12394,15138,5799,18075,2729,3228,8689,14020,26722,3151
1724250	,16463,29547,11465,20472,14120,7868,679,23236,17450,11730,14360,23628,12977,3740,4709,23198,18990,19993,11052,3228,15269,15672,26722,2683
2322750	,12431,14261,16754,19660,27791,15138,3390,14020,24780,26288,20297,11176,12754,7868,23779,9838,22664,29547,12977,23612,7105,4949,11196
3661500	,2436,749,24415,16846,18829,12977,24892,4949,27927,14788,17959,9620,9525,17732,22319,2999,21110,4571,10584,9548,2683,22732,993,264,8662,24869,5836,19973,12758,12352,12160,5254,14415,22,23928,1700,29099,14020,11176,25086,18805,953,3627,27033,6098,20207,22126,28065,21336,21919,14261,14694,19036,251,8689,13494,11244,7868
4035250	,7576,27539,3423,24015,3185,9340,26633,8630,11176,27625,2367,21110,3228,11159,20536,11196,11679
4193750	,12220,23779,21657,26485
4852000	,11080,3555,16556,12491,14925,2257,10714,15502,11000,14020,17431,13020,15019,282,24601,12394,13354,26722,2891,20425,8662,16110,24415,25079,4307,22894,24929,18575,3390,15584,14580,7038,24385,19394,7105,2198,28975,22393,21796,5592,16939,23779,21110,7070,29146,10949,16609,911,18712,22319,26883,993,13672,12352,14261,21336,12220,2683,264,7868,10329,3627,12160,20207,25086,28653,251,28059,8689,22583,15138
5539250	,8662,27160,4949,12055,12394,11176
5697750	,3665,2826,24015,29099,27791,23273,476,20536,2513,11176,13494,4731,7868,2367,11196,11679
5987000	,21865,21565,6096,28899,17060,25372,14294,12977,12394,13247,3228,7323,16406
6272000	,7868,29103,6080,17400,2803,12055
6998500	,21919,11687,11983,19416,8689,7868,19431,19973,29547,3627,201,1031
7116750	,12168,23669,27637,9912,21110,11767,26722,11196,12541,14930,10308
7323750	,21110,25086,845,3458,9620,27019,2683,12586,3228,16550,11196,993,251,28059
7483500	,8446,27509,25635,19993,21865,29,3304,6246,3627,5883,22246,905
8617500	,26614,18712,1385,21501,16300,25381,15911,20548,7208,8676,19973,17060,9567,18025,3719,18273,14580,9829,8446,27509,4571,25635,19993,26619,29,3304,11280,6246,3627,27625,5883,22246,905
10234000	,26722,23284,25372,3032,5267,12610,9340,27791,25086,143,10893,14261,14020,21565,10584,22280,8692,12352,28975,12394,24409,22126,8689,25570,11524,12754,21110,15019,3324,25214,4039,3719,3093,7680,9111,28653
1074750	,24461,11573,6148,3034,16110,14973,16406,3228,7868,12285,16550,2257,647,14580,679,21865,10171,527,11904,12220,3699,12747,27092,11080
10976250	,15019,16952,11679,1533,14580,15584,22280,27888,12285,14482
11283500	,16463,5267,22556,24196,14020,10680,12220,26485
1319000	,25086,5469,22583,599,28059,28653,251,8689,15138,5797,21849
154750	,24385,7105,16939,18575,2198,14119,22393,21796,5592,16609,7070,28975,21110,26883,23779,911,10949,22319,993,18712,21336,12352,7868,13672,14261,12220,2683,264,12160,3627,20207,10329,25086,28059,251,8689,22583,15138,28653
1727500	,26619,21146,17133,21110,14930,9563,28669,7868,3228,3458,6548,23470,10584,14209,24645,22393,28759,4220,10014,18180,7812,504,4452
3282250	,23779,11201,23143,11357,27791,29547,16406,5336,2739,15138,17013,27406,29099,7868,1577,7105,12220,11857,3228,11679,11196
528250	,28410,6548,259,4389,143,13592,18196,16818,2000,23143,16463,21146,679,8307,3954,8425,4667,7868,12647,22963,16406,19891,22393,11159,16361,1079,7286,11196,27615,7096,12018,20826,18024,23628,25346,14261,1831,16754,19660,27791,14020,20297,11176,12977,9838,23612,4949
69500	,1107,14319,19973,14159,6596,21094,5706,25556,4691,143,22947,10646,1917,5077,14294,14821,17470,2683,14240,6352,18805,16463,4220,18051,17640,11080,3555,28410,4571,2929,18730,15315,22749,25346,20902,18196
7218000	,14020,4731,20955,911,10702,17732,18630,7096,24669,2421,11679,19421,2963,22317,6951,11882,21936,23143,15859,15584,11201
7588000	,15934,14020,15502,16556,11080,2891,12491,10714,17431,13354,11000,26722,25839,13020,15019,2257,24601,17470,8662,4307,22894,20425,24415,16110,25079,14580,24929,29146,3390,19394,24385,16939,7105,2198,21796,16609,5592,22393,7070,26883,21110,23779,18575,911,10949,22319,993,28975,12352,7868,13672,12220,14261,21336,2683,264,12160,3627,20207,18712,25086,28059,10329,22583,251,15138,8689,28653
861250	,14294,2323,26754,14360,28707,23628,4709,11052,26722
10578000	,18024,28992,29213,26523,18227
10979500	
11220500	,12352,25372,3228,647,6096,28899,8689,12285,25289,26722,8313,2610,14020,14873,12394,3658
11590500	,21110,4949,14930,22094,29099,17337,14821,2257,3384,8689,20297,504,27791,17127,12168,7868,10097,22393,18741,21672,17606,17512
1499750	,12352,6299,4731,3627,29497,7868,17640
1629250	,24196,24601,28937,28270,29099,7868,9120
2187500	,2963,24780,16376,29203,11679,12068,3032,27394,6158,26485,23628,12162,911
3288750	,9230,9948,4571,7868,8689,9242,8409
3625250	,9072,15432,2610,4411,20549,8689,18180,6057,1335,25086,16085,25372,19632,12220,22727,5625,26614,7868
3861500	,20180,22179,9899,20470,23207,7868
3913250	,28752,16463,18805,15883,14159,4551,4235,20506,26608,28166,22380,5845,7168,13240,20154,2655,20472,4220,18051,1147,3626,11465,25687,12220,3555,25372,17640,4571,24922,679,14020,2353,15159,13471,10136,7868,9230,9948,2367,19993,8689,9242,8409,2683,1666
4025000	,16217,14894,6331,24841,7868,9894,13103,20411,9522,23013,6505,1831,3627,11080,12688,11196
4073250	,18712,12271,9567,29,3313,27415,15258,6246,3627,5883,2452,22246,905
5121750	
6099250	,11397,21672,7868,1721,11823,25372,13244
620500	,26341,2971,21840,7975,10646,22393,26114,14360,15345,4571,18624,934,18572,26288,23628,14294,4709,21110,6352,20180,2683,11052,26722
8123500	,4949,24984,3145,6175,29331,24942,10268,28177,911
10628500	,21092,12220,19632,18612,10258,2476,20386,20297,26005,24944,14233,8483,11524,15988,18075,20751,22313,7037,7059,23928,27035,7943,14486,21930,3185,11176,25386,9846,4807,6820,796,26619,28945,6868,16463,17094,24869,4039,2945,27117,4078,23549,7045,27791,13784,5652,14294,21336,12285,28641,398,18736
11535250	,29547,19615,21140,23143,12352,26722,16463,7105,22989,12394,19993,679,12977,11052,14796,11196,7868,2683,2257
11616250	,6672,12888,12666,6929,15081,17592,4683,24601,5043,26614,18712,1385,21501,16300,25381,14580,15911,20548,7208,8676,9567,18025,17060,7868,3719,18273,9829,8446,27509,25635,19993,29,3304,6246,3627,5883,22246,905
12061000	,16463,2513,7868,19005
12417500	,16406,12717,3438,18024,29099,18196,7963,17959,8689
1530250	
309750	,12977,8662,16846,18829,9479,24892,8689,4949,4571,27927,14788,17959,9620,9525,17732,20902,2999,10584,21336,18712,22732,19973,24869,5836,12758,5254,14020,14415,22,23928,29099,1700,18805,15405,11176,953,27033,6098,22126,14261,28065,21919,14694,19036,9817,13494,3627,554,11244,7868
3644250	,20367,16110,15138,7230,20388,14661,17781,17547,8637,14580,5336,10584,7127,29473,12352,3627,16406,4381,4775,7868,18843
5011500	,5814,1392,4078,21336,569,11679,3627,13749,23829,10532,15811,7868,18805,20484,27092,11022,23779,22280,6331,11196,23013
5226250	,26614,26288,28418,23779,6840,26416,3555,15883,7248,1831,17455,21838,26308,21067,25670,4571,25372,679,29203,16944,19166,12977,3228,15478,10726,16302,25960,16624,24541,12220,7542,11330,24669,12068,22664,11638,21865,15907,18075,5336,15423,12606,18180,17453,25917,21092,7868,10948,27625,8689,21110
5999000	,10908,29490,27155,23407,26485,22359,9620,12352
6250250	,16540,9072,679,16463,29203,1335,25372,4949,12220,20536,11176,19632,22727,7868
6412250	,904,15935,14065,5836,12220,28164,14580,13354,19835,11280,24519,2513,14694,7868,2683,15159,11080,25260,24486,12168,11767,26722
6700250	,3228,25272,11670,8719,22280,26722,27371,5324,11176,7105,11201,9549,7957,15584,4949,18575,15446,29547,14182,143,27791
6897000	,4052,23223,24177,4300
725000	,1630,17835,20902,14482,20425,1831,25372,2257
854250	,22359,8943,4571,9881
1086750	,25635,19993,27509,11080,29,19514,3304,6246,3627,5883,22246,905,7868
11169500	,20641,3390,19277,12287,993,3362,19217,953,24060,14294,4220,10014,16821,17640,2198,25415,7868
11957000	,13380,21336,18275,18712,13672,21110,264,7868,12352,12160,2683,12977,993,17060,3627,14261,10329,20207,17242,22583,25086,16818,15138,28653,8689,251,28059
3249250	,22043,18167,4336,2626,3555,28641,7409,29364,26394,26087,679,1237,6630,14065,28164,7868,2513,19005
4063000	,11196,27791,25366,12055,6148,18689,14573,7868,19974
4967250	,679,11679,17642,3528,12431,7868,6101
5693000	,25372,9985,12220,2655
6751750	,1008,29203,22522,10810,16972,5067,26699,23492,27511,4571,510,3627,24831,599,16606,10329,21911,3068,16243,28463
7322250	,14020,7868,241,23861
8745250	,2655,1037,16463,24541,21865,11638,3590,15907,24922,4220,18051,2353,15159,18075,15423,12033,13471,14020,7706,23086,12606,3555,12220,10136,21092,17453,25917,9230,10948,15883,4571,9948,679,7868,27625,9242,21110,8689,8409,1666
9512750	,18843,10788,20800,28135,11080,15138,23779,28924,13285,21593,10584,14020,5336,241,7868
9802000	,16463,5014,6672,12888,12666,6929,15081,17592,4683,24601,5043,26614,1385,18712,21501,16300,25381,14580,15911,20548,7208,8676,9567,18025,17060,7868,3719,18273,9829,8446,27509,25635,19993,29,3304,6246,3627,5883,22246,905
11601500	,10726,25086,5470,647,8689,2655,20658,6190,3627,28117,11196,9549,23829,7511,2568,12220,11080,6299,7868,17640
3215500	,27117,2655,8724,22393,5627
3344750	,14261,12220,26333,28177,2421,4452,2042,12078,11080,24196,26614,11022,1771,5883,18805,684,20579,2771,5310,7542,29099,28463,28435,17748,18290
3954500	,7620,25086,12394,7976,28653,251,8689,15860,12162,21110,15584
4195500	,18273,9829,12285,15315,18905,8446,27407,18097,27509,28662,9802,25635,19993,20694,29,3304,20456,6246,3627,5883,7737,22246,905
425500	,2729,6331,24869,13390,1691,5957,26288,7071,12285,4443,9472,8313,21092,6880,1962,14182,4162,23284,7089,18024,25212,20154,17405,25989,14261,20620,9985,21110
4852500	,5848,21979,14020,11080,11826,29203,11679,10151,2963,11665,7542,15584,16500,11882,27791,23143,22484,26288,24541,911
5261000	,24788,11410,13592,26288,15308,12688,21581,1591
6150750	,9549,25669,27155,24869,27056,1031,4578,7827,11196,27791,29099,18990,18075,7465,26523,251,25058,3228,18185
6155250	,14482,19466,1773,27135,15661,4059,7850,14020,29203
6515500	,23251
7375000	,16754,25372,20902,14020,22749,11857,11176,12977,9838,23612,4949,11201
8216500	,21979,28481,19980,4949,6148,22916,14159,18712,8313,25329,1428,3755,2257,12394,27791,11605,22552
8845250	,24541,11776,14360,14894,20300,15114,4039,143,18286,16722,23928,23103,26288,6550,10133,18516,3228,4709,13962,554,26699,4127,24565,911,17297,17214,25138,23628,25596,6092,25631,14020,12008,11052,18736,26464,28653,13070,21979,11826,26722,22484
9694750	,22482,27791,7552,2159,8662,28409,9486,911,10914,14887,15383,14550,7868
11300000	,13307,8375,12063,26728,4479,13701
11579750	,13103,20411,9522,23841,1831,6505,3627,12132,11080,15217,11196,12688
11701500	,18730,9567,21565,29203,24704,18024,3308,12285,16481,7096,4281,16009,24737,542,29099,12977,3228,2683,17760,7323,16406,9369,4366
1579250	,27791,7105,5336,13737,15921,8698,25641,14573,9906,21160,4953,24194
1793250	,9111,29099,28525,27791,10726,11176,3665,14242,5306,25372,2826,23861,10866,1392,13494,21659,7868,21067,22393,6175,4731,24942,2033
203750	,23628,25329,23779,29547,18990,4709,3740,7868,7105,11052,11196,26722
2797750	,21110,18097,25733,3658,9242,12132,8689,20595,8409,7868,28270
282500	,8689,9899,8818,2683,13942,3850,12055
3895750	,13942,5469,19005
4907500	,9369,14261,16110,9709,6374,24196,2367,21110,5086,11196,23622,22552
5440750	,11176,26168,19381,16243,14853,11052,23206,970,20701,2963,3627,12883,20045
7810250	,24942,8637
8280500	,13971,6101,19,22727,16674,17972,7868
8573000	,18730,21110,11080,2249,24379,7868,19828,2323,679,16110,9549,27791,6158
861750	,24907,29547,12790,21911,5660,4731,27791,11730
8701250	,17640,3555,24922,7576,2367,18805,24015,19767,11176,2353,14020,15159,13471,4571,10136,7868,9230,9948,20536,8689,9242,11196,8409,11679,1666
9055750	,6096,9193,11857,11201,12220
1063000	,12285,23214,21110,24929,24196,14482,20551,530,2683,15019,15584,22280
11225500	,2655,3228,14119,7552,25960,8869,16463,1831,23342,3740,11196,25372,24869,8628,10176,21110,13020,4731
1561250	,10949,4949,21110,11080,22319,12168,6148,7105,989,21511,993,18712,20425,13672,7096,15639,8495,911,12557,21336,264,2683,4691,22973,12220,12160,679,20207,22393,10329,25086,2257,7868,17706,28059,14261,17945,28653,22583,15138,13891,3627,8689,12352,251
2975500	,23662,14153,9936,12680,4154,13592,24975,12977,9953,8689,6143,12352,23793,14226,16670,14902,21865,11329,7868,15934,19745,16406,5086
3350250	,12220,3409,19177,24765
5865750	,1681,23928,9462,18730,20386,1031,8719,24016,4171,18296,4238,28616,11793,2368,3145,29331,10268,911,28177
6634500	,28710,28438,7400,11196,15584,9454,4949,8689,12394,10788,5336,83,7868,21110,14020,25366,241
7785250	,25733,3658,20595,18624,26288,14294,12132,21110,7868,20180,2683,28270
7898750	,12287,2198,2457,239,3362,3390,24060,14647,17180,24503,21838,27961,16821,25415,26894,7868
8060000	,19882,2257,16429,22482,18024,19632,1335,25372,22727,12220,7868
11503250	,27683,7868,12352,15934,21967,11679,24196,19458,5883,504,12220
11747250	,16846,18829,18712,4949,18353,8689,27927,14788,17732,2999,16154,10584,21336,19973,22732,24869,5836,12758,4571,5254,282,14020,14415,22,23928,22218,9620,1700,11176,18805,29099,953,27033,6098,6731,24892,14261,17959,22126,9525,28065,21919,14694,19036,13494,7868,11244
12386500	,1335,28899,3228,11196,25086,19632,12220,25372,22727,2367,7868
3031750	,4571,2254,24541,934,679,8637,569,13494,29146,21919,6908,2257,9620,18712,16540,26288,14265,7868,26665,22393,28391,8278,14020,6880,27198,2783,14794,16110,2159,9369,19514,19772,29203,14261,11196,24306,27501,6114,11465,7061,28899,18131,15988,25372,7105,28924,29099,15584,19962,12352,14294,11263,17060,4949,18730,8689,21565,2367,11176,12394,13247,3627,12977,3228,7323,16406
3114000	,16821,7868,15259,25415,12220,23928
405000	,27160,15935,28759,10282,14580,19835,1135,12220,24519,4949,20143,2683,12394,11080,25260,24486,11176,12168,11767,26722
4256000	,11080,23278,7748,18741,17771,5594,16331,23019,14153,24944,20585,26576,5661,7692,27791,28184,6096
4880250	,20846,19993,27791,16463,1831,21336,25635,29,3382,3304,27096,15617,6246,3627,5883,22246,905
5354000	,6352,14020,14153,18024,4595,8662,27160,18990,22393,4949,18624,14873,14294,26288,13450,2683,12394,21110,11176,20180
563500	,9620,9072,15432,16540,15032,8689,3219,1335,21838,25372,25086,5260,16939,12220,19632,22727,7868
5642000	,19422,25260,17640,22244,4892,29084,28059,27683,24598,679,3047,22482,2504,21110,14873,28370,7812,3181,4949,28410,17331,26121,12512,2257,1228,29203,22889,4172,9985,16009,7910,10282,7868,6203,13450,10840,11080,11176,10726,14914
6412750	,24601,17592,4683,5043,23676,26614,1385,18712,21501,5014,16300,15911,20548,25381,12666,6929,9567,18025,8676,7868,18273,7208,14580,9829,17060,3719,8446,27509,25635,19993,29,3304,6246,3627,5883,22246,905
6572500	,17945,14020,29099,26485,241
10052000	,21565,10584,14020,8692,11776,12220,7620,599,14261,11696,24409,25570,11524,25372,12610,15019,143,3324,28975,25214,4039,22280,10893,3719,12352,7868,12394,22126,12754,21110,3093,9111,7680,28653
11397250	,14294,12352,11196,6880,14956,504,17060,21628,21092,28899,25372,21110,12394,3228,20386,2368,3740,18990
11761750	,6571,23878,25372,1335,8689,12220,23793,454,28975,19632,11524,3913,23549,18024,15138,9072,554,22727,7868
1838000	,25989,20154,20620,8689,11259,9242,14261,9985,21110,8409
3903500	,27791,23284,5267,7997,3228,8689,1392
5292000	,25669,19974,21345,11670,23779,8643
5407750	,22727,17706,21838,20180,3850,2683,16821,26480,5803,27060,27446,16800,11080,9563,178,16373,7868,6352
5742000	,12870,15874,20668,25248,8238,8446,27509,24018,19993,10694,25635,29,22307,29465,3304,6246,3627,5593,25261,170,5883,22246,905,19523
5952250	,679,14261,12285,16754,12977,6827,5094,16463,29203,14020,11176,9838,23612,5067,4949
6258500	,934,23612,14647,11524,2367,4949,27791,12068
7450000	,20661,9220,8637,22393,19962,7868,27791,12977,2683,14261,29202
8051750	,1831,3720,14020,12202,12588,29389,21110,28391,20297,13762,8389,7936,12220,21911,26485,13737,17389
9069000	,19217,5310,28065,21919,14694,4949,19036,3677,22126,11864,17405,24534,28391,11456,13494,11176,2257,17446,9620,8689,21110,11244,19937,11573,7868,22393,28017
9438000	,24977
10312750	,7127,29473,28201,23783,9563,4381,9838,12886,25260,16406,2257,4775,20164,24503,6154,6672,20367,16110,7868,18843,17547,12352,3627
10521000	,29099,6856,21315,17920,26169,19105,16406,9472,13779,9045,23076,9471,25770,15761,10225,10409,7868,15874
10715500	,527,6352,27791,2899,24541,4571,2655,5267,24517,10193,29203,16939,28463,2159,7868
1525000	,13020,7105,11573,2367,3228,11679,11687,24601,9620,16110,11196
1855750	
236000	,15934,17945,7868,24869,8637,27028,19501,18990,18075,13103,7465,11776,4479,18275,4949,949,4931,28924,29099,11196
239250	,25372,22749,251,19742,8603,20902,27060,9842,16854,14261,12647,7616,1831,12394,28438,8689,27791
4037500	,3719,18273,9829,8446,27509,25635,19993,29,3304,6246,3627,5883,22246,905
5059000	,24669,25086,7997,24907,29547,11730,19102,16668,9195
6358500	,22749,16873,10795,17401,6175,18196,24942,8860
6694750	,6051,27637,19217,1461,15390,9111,11665,17606,10329,3032,19993,21672,29465,11080,5053,21225,18002,28391,679,20253,18075,18080,27149,18730,9472,20456,993,27407,8689,26298,27514,21110,4709,7680,12977,12220,12352,22393,15631,24196,11052,14020,26722
847750	
