10944750	,7868,9230,28752,9948,789,19993,25372,9242,25687,8689,8409,2683,1666
12028500	,21336,12352,13672,7868,14261,12220,264,2683,12160,3627,10329,20207,25086,28059,28653,251,8689,15138,22583,13390
1206500	,27509,19993,25635,29,3304,6246,3627,5883,22246,905
12154500	,19197,25635,28621,27791,19993,8689,29,9471,3304,5470,6246,9549,3627,2568,5883,22246,7868,905,17640
1620500	,5833
4716750	,12068,14887,19615,2463,15432,1598,13247,29202,3458,25086,26754,21110,2683
4844000	,5086,21983,7868,12899,18196,5883,15934,12220,24196
5654000	,4775,29231,7868
5735000	,27509,19993,25635,7868,29,6246,3627,5883,22246,905
5780000	,14261,539,13734,19421,7856,20979,17061,4411,18515,15584,22313,262,10702,15315,18736,11022,21092,17959,8313,7061,17214,22529,5814,21336,15811
6061250	,10329,10893,11176,14261,22359,29203,4949,16463,679
8170750	
8622000	
10224750	,7868,2613,1481,19005
10229250	,11196,9838,18730,4949,4452,29095,16406,14902,11612,11176,8689,3658
10302500	,2626,7409,26087,2513,7868,679,6630,19005,14065,28164
10546500	
1110750	,13883,1666,12426,20578
12015000	,21110,8024,11328,7552,5185
12173500	,28370,21426,29287,13494,20996,11244,7868,1325,28184,2471,21110,15405,9817,3627,554
12388250	,24196,28391,17389,14020
1971500	,27791,26860,1739,22043,23019,19166,7654,7105,5315,24070,4411,7692,18712,5834,17550,8385,7624,21919,14917,7469,21715,7096,4479,13701,11000,11196,25329
2626250	,25193
3963750	,26614,13020,6246,3590,3627,7096,7356,3809,5883,11176,19421,13737,11330,26972,21067,251,16624,23662,4949,22246,905
434750	,6542,19973,24831,3627,16606,8689,10329,16972,4571,27511,21911
5220750	,5336,7868,28438,8689
5254500	,14065,28164,2513,19005,7868
6571000	,17606,13878,26722,13430,5470,12162,4254
6849750	,29099,11679,2655,6757,23556,19796,27965,2199
6977000	,14261,4452,14902,11612,22950,11176,21110,9985
7703750	,29,3304,27625,22908,7868,6246,3627,5883,22246,905
8149250	,11176,12162,11280,24015,20536,27625,2367,5883,11196,11679
8757750	,3627,20207,14048,25086,26576,27791,27514,8689,29225,16110,21672,18024,7868,251,11196,22950,4949,18730,29095,16406,14902,4452,11612,11176
9288000	,18624,26288,12688,2971,14294,21110,20180,2683
10696000	,12068,2463,29202,11022,25086,1598,13247,14887,19615,3458,26754,21110,2683
11391250	,12220,19632,22727,7868
1661750	,4571,11543,28221,25488,23628,10840,8719,14020,15315,574,2373,19466,27135
1832000	,4731
2771250	,25372,25687,2513,12606,6246,3627,28744,14694,2963,5883,789,22246,905
2852250	,21706,28653,27415,3627,11682,14261
3211250	,11196,11176,15584,14020,4411,23662,12977,11076,12431,3228,7173,9838,6148,23612,17706,27155,4949
3581250	,18879,5848,2368,17783,23214,23482,22126
4256500	,14020,21110,2683,17606,2410
5034000	,20207,11196,7465,12220
5901250	,4949,3555,4571,18730,22749,20902,18196
6257000	,3740,11196,26485
6996000	,4949,27117,16821,12394,25415,7868,11176
9720000	,2771,13830,16315,26871
10057000	,22393,8193,7868,28017
11362000	,4324,17232,2963,8693,10240
11687000	,12394,3627,3658,8689
11847750	,679,6630,14065,28164,2513,7868,19005
12008000	,7105,26843,12977,3228,20585,2257,11196
12215000	,18743,28463,4939,11196,9363,14261,20831,15639,29099,14942,8637,4949,7868,12352,6672
1969000	,5987,6246,8689,24196,3627,14580,18002,14020,22246,905,11080,12220
2132250	,11080,4220,18051,4949,18730,25346,3555,4571,22749,20902,18196
3089500	
4770500	,24869,24196,5876,599,11679,9609,12220,15315,9165,13554,14261,20297,27191,6988,10404
4809750	,7105,679,21865,7868
7002750	,1831,15584,1481,11882,23143
799000	,27056,4578,7827,1031,11196,18990,18075,7465,29099,27791,251,25058,3228
8102000	,21110,2655,9838
8666500	,11790,5267,16818,8689
9035750	,8689,25372,20661,7850,9881,15432,19632,12220,25086,22727,2683,7868
9163000	,26576,28184,6096
9244000	,17393,13471,14227,7868
1046250	,4949,6621,4571,18196,2257,7868,27791
10768750	,7868,3719,18273,9829,8446,27509,25635,19993,29,3304,6246,3627,5883,22246,905
10927500	,6246,27791,4808,23284,5267,16818,8689,15138
11046750	,12220,11080,14261
11339250	,4949,27791
1904750	
1906000	,12285,9532,1831,2438,21110,12220,2683
1909250	,28759,4452,4220,23470,18180,14209,24645,10014,504
2138750	,12688,15138,19523,2257
2476250	,25346,15432,22749,3458,20902,25086,21110,18196,2683
2874500	,3047,9985,2257,28370,16009,13450,11176,10726,11080,10282,4172,7868,7910,6203,10840,14914
2921750	,83,27371,5324,7105,11201,4949,15584,25366,14020,15446,29547,14182,143,241,27791
317500	,83,22727,25366,7868
3524750	,6246,3627,5883,26871,22246,905
3849750	
39750	,23284,5267,4808,26722,6246,16818,8689
4184250	,18805,7400,14695,11983,15631,11687,12220,5883,23928,19523,83,28710,8689,11196,4949,25366,10788,14020,241
4215750	,12251,19574,23928,4571
4956000	,911,28177,28463,17640,7868
5108000	,11080,27785,7070,15094,28463,10532,29547,29203,3627,4254,647
6874250	,11628,29099,12747,24844,14265,16603,18805,26754,20425,11080,22393,8637,14261,13483,28410,12168,15584,2683
8040000	,20300,18024,26464,16406,18805,5336,27791,5372,8257,239,22547,5429,7868,10151,17400,2655,15138
9103250	,23612,4949,27791
9344000	,17024,23612,14020,4949
10095000	,24869,21919,14694,19036,19973,13494,11244,7868,14261
10831750	
11434750	,20620,18196,7071,21110,9985
2078000	,17449,7868,14902
3257000	,9230,9948,19993,7868,9242,679,8689,8409,2683,1666
3590000	,18075,13103,11776,4479,4949,949,4931,28924,29099,11196
3787750	,2610
5898500	,7637,26722,374
591750	
6523250	,17060,27056,251,18075,3228,17835,25058,11196
7367000	,21833,21110,15018,2683,22393,21975,15686
7687500	,2610,8173,12220,26607,22994,18730,17606,28625,23662,12394,12285,5369,290
9811750	,10969,22846
10064500	,21110,26883,10949,911,22319,18712,23779,993,14261,7868,12352,21336,264,13672,2683,10329,12160,3627,20207,25086,12220,28059,28653,251,15138,8689,22583
11340250	,26973,25329,18805,14294
11612500	,29334,19974,16672
12065000	,12453,19005,12220
2676250	,24461
3035250	,22749,20902,11080,18196
3226500	,15432,679,25086,3627,7868,11196,23829
371250	,22889,10106,1547,4949,25596,8724,11196,8027,7620,11679,2257,21110
42000	,13390
5754500	,29099,25346,14261,8307,3954,25372,3665,16754,19660,12647,23628,14020,20297,12977,4731,9838,11176,23612,4949
9173750	,22269,7560,18086,489,4931,14020,13020,13554,11196,17228,11679,24461,16110
9628250	,12220,2128,23779,14261
9706000	,3980,11487,19431,6364,29099,13765,23340,22094,20297,12168
981000	,4938,26722,20180,6175,8689,11679,12220,4997,24942,14020,14153,8662,27160,4949,12394,11176
10054250	,14261,16754,1831,27791,14020,8425,4667,12977,11176,11159,1079,9838,19660,20297,23612,4949
10619000	,14956,12977,6880,27514,360,3228,11196,21110,1222,22950,28410,29095,22280,4949,16406,14902,4452,11080,11612,11176,23928,20386,8719,18730,11793,2368
1459750	,251,9620,993,12586,3228,2683,16550,28059
1966250	,11196,6672,21815,9838,14261,8689,10872,7186,12220,3627,25260,18730,26722,11052,1047,3228,2257,16110
3054250	,16606,10329,3627,11196,5067,13942
3293750	,26523,25193
3952000	,9111,3627,7105,29099,13349,28631,7868,4479,23779,16550,11196,12220,2128
4850000	,4949,614,19980,1428,22552,11605
4963500	,15423,3228,11080,18075,17453,25917,10948,27625,23928,8689,20386,18730,8719,2368,11793,12220,21092,21110
5082750	,13494,6175,24942,7868,4731
5906250	,7868,11176,13737,11330,11196,26972,21067,251,16624,27791,4949,23662,11679
11493000	,16540,23549,15432,1335,25372,25086,8689,9072,12220,19632,22727,7868
11894500	,6246,3627,5883,15138,22246,905
12231250	,14020,21865,27791,4808,23284,5267,16818,26722,6246,8689,15138
1446250	,7105,27791
3188000	,9567,18025,18273,9829,8446,27509,25635,19993,29,3304,6246,3627,5883,22246,905
3520000	,21110,24869,8689,5836,2999,9620,21336,22,12758,22393,14020,18805,15405,5254,953,29099,23928,27033,14415,11176,6098,1700,14261,22126,14694,19036,28065,21919,28017,9817,13494,3627,554,11244,7868
364250	,12220,11679
38250	,21865,11176,7096,18730,14020,7868,14265,17606
5959000	,19643,251,18805,14153,14242
6247250	,28626,15814
6564500	,12977,24929,14048,26576,27791,27514,16110,29225,7868,18024,21672,11196,22950,4949,18730,29095,16406,4452,14902,11612,11176
7345250	,2750,26485
7699500	,21092,3979,2929,15934,23662,3457,12977,13592,18180,3228,14182,9802,28230,9912,21110,360,1222,28410,22280,20386,11080,2368,23928,18730,8719,11793
83250	,10788,7997,6174,12220,3228,83,14020,25366,241
10047250	,6672,7868
11142000	,16606,12352,10329,21911
1381000	,7868,25329,17958,29099,14261,11080
2428500	,23612,4949,26485
380000	,2257,2128,22094,14174
4102750	,22523,12977,10026,11196,26843,2257,20585
4922750	,24196,7263,14360,14020,15631,4709,2669,25733,18024,11052,26722
5769750	,7868,17640,24503
5847500	,2257,3627
6619500	,3627
7927750	,20279,15065,26341,14294,12394,20180,26288,18624,2683,21110,11176
8129250	,18097,28270,25733,8409,7868
10018000	,14261,16110,15874,14020,5627
10257500	,27191,10893,6988,10404,24196,14020
10309250	,7868,24193
11111500	,8689,25142,27791
11321750	,4294,23662,15269,3228,25086,15672,18024,24669,23338,7997,24907,29547,11730
1148000	,23198,3228,19993,15269,15672,2683
11936000	,21565,14294
12337750	,27791,679,21092,7868,14796
1240250	,6672,21865,26722,14020,6246,27791,4808,23284,5267,2160,16818,15138,8689
145750	,2367,11196,3847,24242
1517000	,14580,11080
1812000	,3627,18805,7105,25086,23829,7868,11196
2251750	,23793,454,23549,22727,7868
2492500	,11196,679,21672,13942,19005
5012750	,3627,25086,3393,28059,28653,251,22583,15138,8689,5053,2208,7963
5143250	,17180,19457,6287,5429,26394,26614,14482,16609
6848750	,16939,2198,28975,5592,21796,22393,16609,23779,26883,21110,10949,7070,911,18712,993,22319,13672,14261,12352,7868,12220,2683,21336,10329,264,3627,20207,12160,25086,28059,28653,22583,251,15138,8689
7286500	,12168,11176,11767,26722
7545250	,11679,6672
8271000	,3390,904,15935,12220,14580,14694,19835,24519,2683,11280,11080,25260,24486,12168,11767,26722
8997500	,2257
9782000	,28164,2513,29364,7868,19005
10069500	,2257,10740,18519,15322,4571
10401500	,23628,16110,27514,29225,8816,13258,17959,18024,24929,21672,14048,12394,11196,27791,7868,4949,29095,16406,18730,4452,14902,11612,11176,22950
10774750	,1577
11874000	,16550,19668,29203,11679,12220
1324500	,14482,6305,27927,6246,3627,5883,22246,5336,7868,905
3981750	,5185,22280,6520,6246,3228,3627,5883,1831,27791,22246,905
452750	,251,18491,22547,25488,141,14796,10872
6003750	,2251,5053,8446,11679,23480,27509,25635,19993,7737,647,23013,15414,29,3304,8792,6246,3627,5883,22246,905
6754250	,16818,20152,8689
6867750	,7552
7016500	,22556,14020
7190750	,14526
7886000	,1428,5094,1712,15934,6880,15446,5267,9472
10261750	,23628,22950,13494,14533,15645,11679,2452,28270,19394,17061,7868,4731,21657,1222,14261
10588000	,23284,5267,16818,9295,22499,8689,14020,15138
10790500	
11730000	,17181,422,6175,8296,6193,18024,471,18523,24942,5443,23656,13390,21565
11972750	,19632,12220,21693,4846,7936,22727,15631,7260,7868
1724000	,7465,7868,15934,17945,24869,18075,13103,11776,4479,4949,28924,949,4931,29099,11196
2168250	,22,14415,1700,23928,17732,953,27033,6098,18805,14261,22126,28065,21919,14694,19036,29099,4731,11176,11244,13494,7868
2870250	,14426,21865,4003,7868,7096,14020,17606
3795000	,21865,24601,7868,11080,29099,12352
4853750	
4902250	,7868,1598,2323,14294,26754,22950,12394,3740,18990,14360,23628,4709,11052,26722
5052000	,8446,27509,25635,19993,29,3304,5150,7868,6246,3627,5883,22246,905
6400000	,1222,7868,28270,3313,15258,4731,2452,14261
711500	,27407,8689,25733,17118,23628,24196,18024,14360,14020,15631,4709,11052,26722
9437500	,18086,4931,11080,11679,13554,17228,16110,489,24461
10492250	,23662,11061,26464,8996,7868,20045,4949,24984
10609250	,8446,5598,27509,25635,19993,29,3304,8693,6246,3627,5883,22246,905
1074500	,9567
11496750	,3228,18730,1047,2257,16110
154500	,16606,10329,15934,21911,28621,6246,10353,5863,21110,5883,12168,18805,3627,22246,8689,905
1953250	,647,6096,26722,25289,8313,2610,14020,12394,3658
2182750	,5131,14153,1539,14242,19643
2378500	,27135,13390,18937,3228,374
2920750	,12352,21862,16302,29490,27155,241,23407,22359
3363000	,4731,18868,9193,15315,13942,19005
4004500	,19686
4054000	,11304,12977,13247,24088,12394,9090,3228,2367,7323,16406
4133750	,21110,5267,12352,1831,9919,4949,11176,14451,29203,20127,3627,25372,27638
5187750	,1481,11080
573000	,23214,14020,7071,19962,19615,18868,16653
7103000	,12394,13737,25260,24486,11176,12168,15423,11080,11767,26722,5574
7476250	,19416,9948,12220,4571,24907,17389,8689,9242,19993,1037,8409,1666,2683
848500	,12018,20826,18024,25346,11196,22393,16406,19891,16754,1831,7286,14261,19660,23628,27791,14020,20297,11176,12977,23612,9838,4949
9212500	,16653
9794000	,23612,642,7868,2457,4949,14647,27961
9906500	,26298,7552,21110,11328,5185
11032250	,15138,3740,18990
1140750	,15138,15395,19421,27060,22313,1293,12541
11564250	,8409,11244,7868,6104,14969,25483
2200750	,16768,24506,14020,18741,12674,2655
2688750	,12220,25372,22727,13942,14873,4078,11080,7868,28924
4186500	,7105,6246,3627,5883,22246,905
5239500	,14153
5491500	,6331,13390,1691,21092,26288,4443,9472,4731,6880,14261,1962,14182,4162,7089,18024,9985,25212,20154,17405,25989,20620,21110
5994250	,27625,25329,23793,16821,7868,14873,25415,26485
6766250	,12394,4307,3228,7323,16406,27791,7868
6957500	,4003,12754,14265,29547,16722,8689,251,15534,24898,13793,22029,21865,7096,14020,7868,17606
7657250	,5833,8148,7997,7868,3228
8702500	,7868,17597,617,16540,15138,3390,24780,23779,29547,7105,11196
8949750	,6246,27791,23284,5267,8689,15138,4808,16818
9394500	,1666
10112000	,11465,15584,18730,28899,25372,21565,17060,12352,8689,14294,4949,11176,2367,12977,12394,13247,3228,7323,16406,3627
10322250	,19523,22246,5185,905
11984750	,28975,5592,16609,26883,7070,23779,10949,21796,22393,911,18712,22319,21110,13672,14261,993,12220,7868,21336,264,12352,10329,12160,2683,3627,20207,25086,28059,28653,15138,22583,8689,251
1815750	,2655,8724,22393,5627
2788750	,4709,12394,8842,5043,2898,23628,13776,7096,11052,11176,7868,26722
3149000	,29008,9804,9486,7868
3723750	,14020,1831,25372,5598,12271,4078,28924
4047000	,22393,18712,7680,24196,14020
5968250	,7868,15874,16406
6205000	
6654750	,27791,25366,14261,16110
7306250	,7868,6158,679,2249,24379,8409
7513250	,21110,14020,7868,17606
8145500	,22583,12394,28059,15138
8195000	,24519,1758,18024,5185,4078
9782500	,14956,360,4479,6880,1222,4949,28410,22280,15934,28924,4931,23662,3228,949,11080,23928,29099,18730,11196,20386,8719,11793,2368
980000	,18075,25058,7105,14261
11552750	,12394,27791,6175,24942,11176
11683250	,24196,12541
11923000	,8689,12352,21911,18843,3627
12371000	,19962,4709,7105,11263,14794,24541,24306,23628,15584,7868,28899,21565,25372,18730,17060,22950,14294,2367,12977,13247,3228,7323,16406,12394
1699500	
1758250	,28463,27791
341000	,14294,15584,12352,8689,12977,4949,12394,13247,11176,26754,3228,7323,16406,26485,3627
5199750	,7868,17640,23829,4949,11196,21672,679,13942,19005
5293250	,12220,20506,679
7034000	,14020,29203,6246,4808,23284,10014,3850,27153,5267,16818,14266,8689,27791,15138
7163250	,9567,12943,17748
7435500	,217,18024,22087,27950,10702
745750	,25669,27155,27056,24869,1031,11196,27791,4578,29099,7827,18990,18075,7465,251,25058,3228
8248750	,24869,27155,27056,1031,4578,7827,11196,27791,29099,18990,18075,7465,251,25058,3228
9436000	,16818,8689,6571
10185750	,25366,22484
1104500	,11196,20180,22583,22393,2683,14294,21110
1934750	,17060,25372,14294,8689,12352,4949,2367,11176,12977,13247,12394,3228,7323,16406,3627
200250	,679,19005,9620,12352
3266750	,21110
3310750	,1335,25372,11328,11176,3627,8689,12220,23829,22727,15432,2683,25086,7868
3588500	,22727,20846,25372,9242,8637,21110,8689,530,18024,27251,23782,2683,3228,1831,8409,12220,21336,11196,7868,1666
4376250	,11196,21110,11524,22393,25733,4949,7680,19993,7868,21225,10788,12220,18024,4709,24196,27407,8689,15631,14020,11052,241,26722
4533750	,24514,4324,6246,3627,22246,905
7003500	,12977,11196,12394,13247,3228,7323,16406
8070000	,8637,3228
8523250	,911,993,18712,12352,7868,13672,12220,14261,2683,264,12160,21336,20207,10329,3627,25086,28059,28653,22583,251,15138,8689
8799750	,4389,16754,1831,13592,679,19660,27791,14020,7868,20297,11176,12977,18024,14261,12018,20826,9838,23612,4949
8848250	,241
9039750	,1293,11196,3228
9199500	,4081,4578
9982500	,16009,17760,11176,18730,542,29099,2683,3228,4366,12977,7868,7323,9369,16406
1047000	,25058,5883
10654750	
2768250	,11263,15584,16609,13672,22319,26883,2683,21336,14294,18730,264,7868,21565,12352,20207,12160,3627,25086,251,22583,3228,12977,12394,28059,13247,8689,2367,15138,7323,16406
3573750	,25260,12394,11052,26722
382250	
4423500	,29490,21515,9817,3627,554,4147,24193
4557250	,27228,8027,2257
4680000	,16463,13942,18196
5155750	,21110,11730,13390,11679,18805,23662,18024,24669,12220
5238000	,4731,25372,21975,15686,21833,21110,22393,15018,2683
5655250	,11396,9340,9131,3702,16406,11196,14048,22246,16500,905,3228,15645
6299000	,14261,8689,9242,18196,8409
7269750	,20180,21110,2683,83,14020,25366,241
7892000	,1598,13247,3458,8489,16913,26754,911,21110,2683
832250	,11196,16754,19660,14020,20297,12977,11176,23143,18024,22963,1831,9838,23612,27791,4949
8529750	,7070,10949,18712,993,22319,13672,12352,14261,16939,21336,911,2683,7868,12220,264,16609,3627,10329,20207,12160,26883,25086,28653,251,8689,28059,22583,15138
8940500	,9838,22393,4571,5883,16463,14261,3720,11080,5627,2655
9972250	,23187,7963
10592750	,7323,16406,25488,14261
10966250	,27791,4808,6246,23284,14482,5267,16818,8689
2331750	,4571,11176,22,2436,14261,27033,6098,28065,29099,21919,14694,10584,22732,19036,18805,22126,953,13494,11605,11244,7868
3549000	,7089,18024,5957,25212,17405,20154,25989,23612,20620,4949,14261,9985,21110
3675000	,3228,1565,911
3751500	,28164,21911,2513,7868
4447000	,83,10788,25366,14020,241
4814750	,28924,7868,29099,11196
5336750	,5883,1047,16110
5467250	,8763
6603750	,5267,29203,11080
8435250	,16540,8446,22489,10999,25635,19993,27509,29,21067,3304,11679,11080,16110,6246,3627,7105,5883,14261,22246,905
9121750	,4571,2683,27791,7868
9202750	,3228,11196,7868
9946250	,2899,3720,26619,7868,21865
11632250	,4479,4949,28924,949,4931,29099,11196
1247000	,18273,9829,8446,27509,19993,25635,29,3304,6246,3627,5883,22246,905
2148250	,9072,8689,1335,25372,25086,19632,12220,22727,7868
2350750	,14209,7812,22393,24645,4452,4220,28759,10014,18180,504
2882750	,11330,12977,24929,14048,26576,27791,27514,16110,29225,7868,18024,21672,11196,22950,18730,4949,29095,16406,4452,14902,11612,11176
2968250	,3228,18805,1831,11196,7868
3405000	,5015,7868,4389
5226500	,6299,7061,679,15432,25086,3627,7868,11196,23829
5438000	,25372,11196,14145,5598,22484,29078
7060500	,11080,83,3384,504,25366
776750	,26006,18730,26699,29084,15584,18388,22359,2963,2683,2128,3228
10212500	,19993,29,3304,12927,24081,6246,3627,5883,22246,905
1025250	,24306,11263,18730,15584,28899,25372,21565,17060,22583,14294,28059,15138,12977,2367,12394,3228,7323,16406,13247
11022500	,7868
2033500	,1293,25372,14294,11328,5009,12220,21110,12977,12394,13247,7323,16406,3228,11465,8689,12352,4949,11176,3627
2808500	,12394,24196,7560
4118250	,5185
472000	,12688,2963,27961,23584,23748,14647
4809000	,21110,7680,12352,27514,22393,24196,14020
4886500	,9230,21672,11196,12220,9948,679,7868,8689,26608,9242,13942,19005,17640,8409,1666
5248750	,5598,12271,4078,28924
5745000	,4709,2257,11080,9838,26722
747500	
7854500	,24352,22244,4571,29099,7323
8216750	,5470,6299,25366,9549,2568,241,7868,17640
10443000	,4571,11543,28221,10840,14020,8719,25488,23628,15315,574,2373,19466,27135
10653250	,28631,2574,18024,23857,21092,3828,24034,13390,23612,21392,24669,11679,21110,29203,4949,12220
11078500	,17013,9275,27406,3228,14261,11196
11947000	,12688,1758,11196,21911,16865,23482,13103,20411,9522,6505,11080
3312500	
3734250	,6352,6175,24942,11176
3892750	,12394,21110,20180,2683,11176
4454500	,11176,26288,27117
5264500	,16754,27625,21110,20297,11176,8625,12977,5470,25372,9838,14020,12220,23612,14261,27791,4949,12394
6458250	,14261
6900500	
7600250	,398,29099,1700,15405,4949,953,12758,18805,27033,12285,6098,23928,22126,14261,28065,21919,14694,19036,21336,24869,18736,11176,9817,13494,3627,554,11244,7868
7715000	,14647,7868,2457,27961
7797000	,3228,4571,17640,24066,679,21672,4949,6571,11196,19005,13942
892500	,18741,2669,3647,18805,3627,23403,11670,239,17180
10818500	,5334,23779
11141500	,6096,6246,3627,5883,22246,905
1173500	,2683,264,24869,7606,12160,10329,3627,20207,5598,8257,8049,25086,28059,15661,15730,28653,22583,15138,251,8689,20037,5848,20143
12204750	,7963,83,25366,14020,241
2076000	,18196,21841,24886,3390,11196,11679
2448250	,13244
2891500	,23842,21539,13240,12175,7467,20966,11176,25086,21110,3627,14580,255,26722,14161,819,4949,8724,8027,2257
2940000	,647,18730,25086,20470,9639,2257,14694,21091,9284,11280,4949,11176,29084,3390,904,15935,12220,14580,19835,24519,2683,11080,25260,24486,12168,11767,26722
4059500	,10788,9549,15631,16463,14020,241
4153000	,11080,12168,18879,9912
415500	,27437,3151,27791,7542,554,18180
4895250	,15907,16624,24541,12068,18075,12606,11638,18180,21092,17453,15423,25917,10948,27625,8689,21110
5911250	,6246,3627,5883,22246,905
7976750	,3228,7868
8049000	,15315,2683,14240,11080,4220,18051,4949,18730,25346,3555,4571,22749,20902,18196
8628250	,19993,12352,15390,29465,21110,25733,21225,22393,6246,7680,12220,3627,8689,27407,18024,4709,24196,14020,22246,15631,905,11052,26722
10756500	,23628,12162,3032,7868
1118250	,18730,7061,28899,25372,21565,13494,17060,26665,14794,15584,12352,8689,8278,4949,2159,24306,12977,14294,12394,11176,13247,2367,3228,7323,16406,3627
12016750	,2198,3362,7248,2683,28653,24060,18741,11849,27683,16821,7868,25415
12142750	,7868,12352,22749,18730,2513,6672
1244250	,624,2764,1691,27670,4324
1767500	,27977,20180
2386250	,12220,23829,948,7868,26754,1008,7061
2752000	,21110,10702,11679,2042,12243,22179,3032
439000	,7105,11499,647,11080,26404,6104,3390,12287,2198,3362,24060,16821,7868,25415
5962750	,11080,5803,27446,16800,9563,6352
7143250	,15811,637,3181,3627,26077,7613,11080,217,22087,10702
9079500	,11612,11176,11196,7868
9123500	,2610,18678,29,3304,6246,3627,5883,14694,22246,12168,905
10539250	,9838,2683,23612,4949,14020
11137750	,4078
1459000	,18273,9829,8446,27509,25635,19993,29,3304,6246,3627,5883,22246,905
1911500	,13494,7868,7186,4479,11196,21815,8689,10872,12220,25260,26722,11052,3627,3228,18730,2257,1047,16110
4097500	,12352,4731,4949,26168,8689,11176,3627
4259500	,25372,3665,3135,2826,7323,21657,23628,13494,15315,1222,7868,2452,11176,29099,4731,14261
4547500	,27060,7868
5037000	,19993,4571,12068,27791,6880,21140,679,2257,7868,14796,2683
5279750	,23662,21092,25211,360,12977,24196,1222,28410,22280,21110,11080,6880,14956,3228,14020,23928,18730,8719,11793,20386,2368
5726500	,3228,14470,13779,25733,17244,14020,241
7405250	,4709,23628
746000	,8724,8027,11080,2257
8163500	,3228,27458,2257,24608,18868,23103,15022,22621,26959,28438
8215250	,25372,4731,7868,24628,8409,14261
9179500	,19993,3228,27637,8689,9242,20823,7868,8409,1666,2683,17835,11196
9807250	,12220,19890,13942,2128,21885,19005,18905,7868
9839750	,21110,7868
10799000	,4479,4949,28924,949,4931,29099,11196
11158000	,8637,5043,21657,239,11679,11196,7868
11494250	,18273,9829,8676,8446,25635,19993,27509,29,3304,6246,3627,5883,22246,905
11734000	,26546,7747,28985,23207,679,7868,14490
11737250	
11782250	,28059,7127,7868
2006000	,25635,19993,29,6246,3627,5883,22246,905
2088000	,16609,5592,7070,26883,25079,23779,21110,911,22319,993,18712,2198,12352,7868,13672,12220,14261,21336,2683,264,10949,12160,3627,20207,10329,25086,28059,28653,22583,251,15138,8689
3396250	,25058
3846250	,11201,14020,12352,911,26288,17823,2963,11679,15584,11882,23143
4370750	,10136,9230,7868,9948,7168,8689,2367,9242,8409,1666
65500	,24196,6152,5443,29099
8072250	,14261,953,28065,22126,21919,14020,14694,749,9817,13494,22,3627,554,11244,27033,6098,7868,19036
1492500	,8643,7868,4949,3627,4452,16406,14902,11612,11679,11176,11052,26722
1528500	,414,7248,3627,12977,21092,28370,23781,5799,22749
1792000	,23214,16540,23623,12307,13390,6203
2316250	,14294,26754,12394,22950,949,9657,26288,14360,3740,18990,23628,4709,11052,26722
2557000	,28017
3317500	,27791,1501,8637,18024,7868,8261,21672,24196,11196,3032,11665,12394,22950,29095,16406,18730,4452,14902,11612,4949,14020,27514,11176
417250	,24060,22727,12068,16821,25415,7868
4378500	,22947,11176,16100
4503500	,24193
4876750	,5336,7868
6126750	,29497,10404
6872750	
7184500	,2899,24541,27791,4571,24517,10193,16939,28463,2159,7868
8156500	,6951,4078,16420,11176,8842,6447,1831
8172250	,14261
8528750	,19993,16913,27791,24193,2683
9586500	,27961,414,10795,17401,7868,8860
11114000	,22246,905,25372
11772000	,18273,9829,8446,27509,25635,19993,29,3304,6246,3627,5883,22246,905
12015250	
140500	,14625
2364500	,4808,23284,5267,16818,8689,15138,21865
2733500	,14451,19824,6246,3627,13272,5883,22246,905
3014750	,25687,11465,12220,3555,25372,17640,24922,14020,679,2353,15159,4571,13471,10136,7868,9230,9948,19993,8689,9242,8409,2683,1666
3096750	
3511000	,19891,22393,11159,16361,7096,7286,11196,1079,27615,12018,20826,18024,23628,25346,14261,16754,1831,19660,27791,14020,20297,12977,11176,9838,23612,4949
4782250	,21672,27791,14020,679
5170500	,4571,19973,18805,21672,6096
6233750	,3458,10584,7812,14209,22393,24645,28759,4452,10014,4220,18180,504
8017000	,25635,19993,22280,3719,29,15096,3304,6246,3627,5883,22246,23284,905
8353250	,3438,12352,7560,12285,4302,16331
9076750	,28270,22368,15315,2033,21657,29099,3665,25372,2826,11176,13494,1222,7868,2452,4731,14261
10119250	,4949,8719,11793,23928,27791,10788,83,7542,25366,14020,18180,7868,241
11131750	,23779,29547,5738,7105,10726,2257,11196
11794250	,14580,11080
3148500	,4762,27346,17180,12688,16217,14894,3627
3245250	,7868,25372,24942,9242,8689,12394,12220,11176,8409,1666
3326250	,7680,24459,4163,21911,9479,18712
3404000	,9829,18273,27509,8446,25635,19993,3304,29,6246,3627,5883,22246,905
4625750	,26000,10840,24471,22321,15446
5110750	,3228,11196,4834
6301250	,19466,7868,27135,23628,8637,20555,8226,22393,29547,11543,574
6380000	,24196,14020,24459,28425
691500	,8689,12431,21672,7868,28641,27791,12977,26288,21110,26485,22664
7918750	,15019
8160750	
8822250	
9513250	,11605,16420,1008,23928,414,9195
9671750	,2826,29203,5883,26722,3627,6246,22246,905
11558000	,749
1838750	,16818
2198750	,9250,13054,12394,16550
2807500	,18024,3817,1010,1015,12688
2823250	,3304,1335,22393,27160,25372,23861,10866,14020,21659,1392,25329,8662,8148,2610,12220,4949,6175,12394,24942,11176
299750	,8409,21110
3009000	,2033,27117,2655,8724,22393,5627
393250	,679,1428,519,11196,13942,4949,11605
5082500	
5828250	,12394,22126,12754,21110,3093,9111,7680,28653
64000	,2457,27961
6807250	,21833,25372,27791,15018,21110,21975,15686,2683,22393
7568750	
791500	,16972,28463,18805,4571,23424,27511,14712,20297,10810,8689,23492,21911,3627,24831,16606,10329
8346250	,28759,7105,15534,24898,18730,4003,22029,13793,13494,1222,11176,14265,4731,21865,7096,14020,7868,17606,14261
8792750	,911,2963,11679,15584,11882,23143
8909750	,14020,12977,11176,679,21672,11196,9838,13942,23612,19005,4949
11121500	,15799,24669,7997,18024,24907,29547,20297,11730
11129250	,217,22087,4949,10702,11080
11527500	,12688,27791,22393,11080
1365000	,14020,14580,13737
1688750	,14020,7868,12220
2103250	,14902,5458,20661,6724,13592,13737,14261,2257,19005,1831,12394
3684750	,7096,16361,1079,11196,7286,27615,12018,20826,18024,23628,25346,14261,1831,19660,27791,16754,14020,12977,20297,11176,9838,23612,4949
3799500	,27791,4808,6246,23284,5267,21768,16818,8689,15138
4087750	,7868,23612,251,4949,27791
448250	,11176,15911
4631250	,18990,7465,7868,15934,17945,24869,18075,13103,11776,4479,4949,28924,949,4931,29099,11196
4712250	,2683,14240,15315,4220,18051,11080,4949,18730,25346,3555,4571,22749,20902,18196
5522250	,15315,28710,7048,11196,2257,679,13942,19005,21672
650750	,17772
6904000	,14266,2160,21865,6672,26722,14020,6246,27791,4808,23284,5267,16818,8689,15138
731750	,15924,11196
9215000	,22950,14360,23628,12394,4709,14294,11052,26722
12331000	,6294,28184,23928,18730,8719,21110,1831,11793,7542,18180
1622500	,4949,15584,679,19179,6175,24911,19381,12285,8662,24942,14020,22027,12394,7868,8148,11176
1710500	,9817,1392,13390,3627,14780,554,2217,21565,6175,7868,24942
2232500	,7070,26883,21110,23779,24929,10949,22319,993,18712,12352,911,13672,7868,12220,21336,2683,264,12160,20207,10329,3627,25086,14261,28059,28653,22583,251,15138,8689
252500	,6299,15432,679,25086,3627,7868,11196,23829
3010000	,13975,11052,26722
4317250	,3304,5619,15159,6246,3627,22029,5883,22246,905
4475750	,27401,11612,6539,8446,18805,15934,12068,27509,19993,25635,25372,21110,8689,29,13592,3304,3719,6246,5883,3627,22246,905
5078750	,27791,28924,11176,4931,949,27056,21657,9549,24869,679,25669,1031,3228,18990,18075,7465,25058,4949,29099,11196
5287000	,4949,83,14020,11080,25366,241
5910250	,8409,1666,2257,28525
6015000	
621500	,16009,8637,13483,28410,19973,20425,3308,29099,12168,15584,2683
6264750	,9985,1415,2655
6266000	,22727,8689,8409,7868
6921750	,8193,19458,1666,29497
7445000	,18075
8910750	,29078,10948,4949,26614,5598,24929,12688,27514
9651250	,5639,4709,23628,21110,1598,2683,26754
9685000	,19632,12220,22727,7868
9716500	,13086
9842500	,11196,14294,7868,25086,18805
9973000	
10642000	,7868,11280,7576,24015,11176,27625,2367,21110,3228,20536,11679,11196
1114000	,217,22087,10702
11646500	,905
11939000	,1047,8689,3228,3627,25596,2257,16110
1194750	,23928,28710,11196,4949,10788,7400,14020,83,25366,241
1531250	,24180,17180,10247,4078,7868,22179
1782250	,14788,3237,18024
190500	
2704750	,5764,3228,16483,11196,3658
3304500	,21110,3592,13020,29099,489,17512,11679,22269,18086,4931,16110,13554,17228,24461
5256500	,3775,20679,614
5751500	,27625,12977,28759,21094,26485,14873
599750	,20386,9657,20297
6571750	,911,9193
805750	,26722
887750	,15934,3135,17237,24764,28270,26754,15019
9044750	,1831,19660,16754,20297,11176,12977,14020,14261,12394,27791,9838,23612,4949
965500	,26378,25003,28017
10533750	,14265,11052,25260,18730,3228,16110,24601,1831,2257,12394,19005,14261
1181250	,6246,27791,7208,4808,5267,27390,18932,16818,6672,15138,23284,8689
12275500	,5883,3627,25366,9563,27791,22246,905,21930
3742000	,14482,3627,14261,26168
8243500	,13103,11176,3047,17945,24869,28924,18075,11776,4479,4949,949,4931,29099,11196
8324500	,28369
9351750	,3627,993,2891,12220,14580,11080
9592500	,9985
984500	,19539,11080,6672,18730,2513
10264750	,241
10840750	,10949,22319,911,18712,993,12352,7868,13672,14261,21336,12220,264,2683,24385,7105,12160,10329,3627,20207,25086,28059,28653,251,22583,15138,8689
11440500	,7868,2452,20620,504,2179,21110,4731,14261
1189000	,7096,7286,1079,11196,16361,12018,20826,18024,25346,27615,23628,14261,1831,16754,19660,27791,14020,20297,12977,11176,9838,23612,4949
11896000	,10872,23612,9838,4949
1806750	,28463,29099,28435,17748,18290,26485
19500	,8446,27509,19993,2610,25635,27927,29,20551,3304,7096,11080,19421,6246,3627,5883,22246,905
2050000	,4053,2033,14242,5306,23861,10866,27791,1392,4731,21659,6175,24942
232000	,14265,251,679,7105,7096,14020,21865,17606,7868
2988000	,15828,14914,29099,11196,22482
3216500	,28463,4571,10810,27511,23492,8689,24831,3627,16606,10329,21911
3719250	,7552,5627,6101,18362,7868
5139250	,21067,11080
6354500	,11176,20297,12977,9838,23612,4949
6852750	,7822,16939,7208,23779
764000	,18273,9829,8446,27509,25635,19993,29,3304,6246,3627,5883,22246,905
8314250	,17770,11196,4834
10816000	
11949750	,14261,5403,2198
12234750	,21911,3627,26614,6980,10893,25372,29465,21632
12239250	,11882,23143,20519,27117,6672,26288
3288250	,2198,19394,28975,3390,21796,22393,16609,7070,26883,21110,23779,5592,10949,911,22319,993,18712,12352,13672,7868,14261,12220,21336,2683,264,12160,3627,20207,10329,25086,28059,28653,22583,251,15138,8689
3977750	,17087,1461,14261
4921000	,23549,9912
5024500	,13888,15138,12220,29084,16550,14265,17748,12394,21110,12977,3228
5608250	,25260,24486,11080,11767,26722,12168
5812000	,9230,15269,15672,9948,7868,20506,8689,9242,20472,11465,8409,1666,19993,2683
6172000	,6672,24704,24193,26485
6713250	,2368,5185,12168,18805,27625,24344,18879
7361250	,28410
7893250	,17228,7323,2367,29099,11679,24461,11196,16110
7921500	,7868,12674,22556
9394250	,21565,18730,29203,569,25086,14294,7105,13942,12977,12394,13247,17060,25372,11196,28899,7323,16406,3228
10592000	,16540,15432,19973,9072,2610,11176,5598,6951,4949,8689,2257,25086,16429,19632,1335,25372,22727,12220,7868
11307500	,11022,22359,911,27711,14887,19615,29202,12068,25086,2463,1598,13247,3458,26754,21110,2683
12384250	,5458,3228
2253250	,7680,155,9220,23525,28189,11196,28924,527,1031,28653,18575,28975,18730
4399750	,7868,23207
5915250	,9230,9948,14294,7868,12220,12977,3228,9242,28059,13247,12394,22583,15138,7323,16406,8689,8409,2367
6234000	,7868,9230,22749,9948,16463,20902,1107,8689,9242,4220,18051,18196,3555,4571,8409
6683750	,24977,14818,17945,24562,25372,15446,3627,27638,7868,5267,29203
7830250	,17237,11080
8096750	,251,20918,28641,8689,21672,24887,5267,26485
8430000	
10000250	,6171,17153
10566000	,2319,11204,9486,7868
10598500	,28975,25214,22280,10893,4039,3719,12352,12394,22126,12754,21110,3093,9111,7680,28653
10773000	,9846,7868,9486,19615,12352,12977,2257
11711250	,13390,4949,21338,7868,21659,21565,12394,23861,10866,1392,11176,6175,24942
12229000	,8689,9242,12588,8409,1666,17389
1617250	,5077,28463,11951,11329,2217
2756000	,8637
4257000	,11176,21110,27625
4304250	,7868,8446,27509,25635,19993,29,3304,6246,3627,5883,22246,905
4336750	,4949,4709,24059,679,16463,11196,15631,13942,11052,26722
4658500	,11330,22664,11638,15907,15423,18075,18180,12606,21092,17453,8689,25917,10948,27625,21110
6334000	,28017
6497000	,20747
6780500	,10893
8111500	,527,23549,23878,23793,454,22727,7868
9463750	,17013,27406,16406,7105,15138,3228,11196
10713250	,8643,18196
11313000	,5185,23491,12977,12220,22727,7456,27092,7105,11018,23143,17013,27406,7868,11679,3228,11196
12004000	,16540,5081,15307
12377250	,11052,12394,15138,5799,18075,2729,3228,8689,14020,26722,3151
1724250	,3740,4709,23198,18990,19993,11052,3228,15269,15672,26722,2683
2322750	,12754,7868,23779,9838,22664,29547,12977,23612,7105,4949,11196
3661500	,1700,29099,14020,11176,25086,18805,953,3627,27033,6098,20207,22126,28065,21336,21919,14261,14694,19036,251,8689,13494,11244,7868
4035250	,21110,3228,11159,20536,11196,11679
4193750	,26485
4852000	,5592,16939,23779,21110,7070,29146,10949,16609,911,18712,22319,26883,993,13672,12352,14261,21336,12220,2683,264,7868,10329,3627,12160,20207,25086,28653,251,28059,8689,22583,15138
5539250	,12394,11176
5697750	,2513,11176,13494,4731,7868,2367,11196,11679
5987000	,12977,12394,13247,3228,7323,16406
6272000	,6080,17400,2803,12055
6998500	,7868,19431,19973,29547,3627,201,1031
7116750	,12541,14930,10308
7323750	,28059
7483500	,21865,29,3304,6246,3627,5883,22246,905
8617500	,8446,27509,4571,25635,19993,26619,29,3304,11280,6246,3627,27625,5883,22246,905
10234000	,22126,8689,25570,11524,12754,21110,15019,3324,25214,4039,3719,3093,7680,9111,28653
1074750	,16550,2257,647,14580,679,21865,10171,527,11904,12220,3699,12747,27092,11080
10976250	,14482
11283500	,14020,10680,12220,26485
1319000	,15138,5797,21849
154750	,18712,21336,12352,7868,13672,14261,12220,2683,264,12160,3627,20207,10329,25086,28059,251,8689,22583,15138,28653
1727500	,14209,24645,22393,28759,4220,10014,18180,7812,504,4452
3282250	,7868,1577,7105,12220,11857,3228,11679,11196
528250	,1079,7286,11196,27615,7096,12018,20826,18024,23628,25346,14261,1831,16754,19660,27791,14020,20297,11176,12977,9838,23612,4949
69500	,11080,3555,28410,4571,2929,18730,15315,22749,25346,20902,18196
7218000	,19421,2963,22317,6951,11882,21936,23143,15859,15584,11201
7588000	,16609,5592,22393,7070,26883,21110,23779,18575,911,10949,22319,993,28975,12352,7868,13672,12220,14261,21336,2683,264,12160,3627,20207,18712,25086,28059,10329,22583,251,15138,8689,28653
861250	,14360,28707,23628,4709,11052,26722
10578000	,18227
10979500	
11220500	,8313,2610,14020,14873,12394,3658
11590500	,10097,22393,18741,21672,17606,17512
1499750	,7868,17640
1629250	,9120
2187500	,3032,27394,6158,26485,23628,12162,911
3288750	,8409
3625250	,12220,22727,5625,26614,7868
3861500	,20470,23207,7868
3913250	,11465,25687,12220,3555,25372,17640,4571,24922,679,14020,2353,15159,13471,10136,7868,9230,9948,2367,19993,8689,9242,8409,2683,1666
4025000	,11080,12688,11196
4073250	,6246,3627,5883,2452,22246,905
5121750	
6099250	,11823,25372,13244
620500	,14294,4709,21110,6352,20180,2683,11052,26722
8123500	,10268,28177,911
10628500	,16463,17094,24869,4039,2945,27117,4078,23549,7045,27791,13784,5652,14294,21336,12285,28641,398,18736
11535250	,12977,11052,14796,11196,7868,2683,2257
11616250	,7868,3719,18273,9829,8446,27509,25635,19993,29,3304,6246,3627,5883,22246,905
12061000	,19005
12417500	,7963,17959,8689
1530250	
309750	,29099,1700,18805,15405,11176,953,27033,6098,22126,14261,28065,21919,14694,19036,9817,13494,3627,554,11244,7868
3644250	,7127,29473,12352,3627,16406,4381,4775,7868,18843
5011500	,10532,15811,7868,18805,20484,27092,11022,23779,22280,6331,11196,23013
5226250	,22664,11638,21865,15907,18075,5336,15423,12606,18180,17453,25917,21092,7868,10948,27625,8689,21110
5999000	,22359,9620,12352
6250250	,12220,20536,11176,19632,22727,7868
6412250	,14694,7868,2683,15159,11080,25260,24486,12168,11767,26722
6700250	,11201,9549,7957,15584,4949,18575,15446,29547,14182,143,27791
6897000	,24177,4300
725000	,20425,1831,25372,2257
854250	,4571,9881
1086750	,6246,3627,5883,22246,905,7868
11169500	,19217,953,24060,14294,4220,10014,16821,17640,2198,25415,7868
11957000	,20207,17242,22583,25086,16818,15138,28653,8689,251,28059
3249250	,679,1237,6630,14065,28164,7868,2513,19005
4063000	,14573,7868,19974
4967250	,17642,3528,12431,7868,6101
5693000	,9985,12220,2655
6751750	,3627,24831,599,16606,10329,21911,3068,16243,28463
7322250	,7868,241,23861
8745250	,10136,21092,17453,25917,9230,10948,15883,4571,9948,679,7868,27625,9242,21110,8689,8409,1666
9512750	,21593,10584,14020,5336,241,7868
9802000	,7868,3719,18273,9829,8446,27509,25635,19993,29,3304,6246,3627,5883,22246,905
11601500	,3627,28117,11196,9549,23829,7511,2568,12220,11080,6299,7868,17640
3215500	,22393,5627
3344750	,20579,2771,5310,7542,29099,28463,28435,17748,18290
3954500	,15860,12162,21110,15584
4195500	,20694,29,3304,20456,6246,3627,5883,7737,22246,905
425500	,21092,6880,1962,14182,4162,23284,7089,18024,25212,20154,17405,25989,14261,20620,9985,21110
4852500	,11665,7542,15584,16500,11882,27791,23143,22484,26288,24541,911
5261000	,15308,12688,21581,1591
6150750	,25058,3228,18185
6155250	,15661,4059,7850,14020,29203
6515500	
7375000	,9838,23612,4949,11201
8216500	,12394,27791,11605,22552
8845250	,554,26699,4127,24565,911,17297,17214,25138,23628,25596,6092,25631,14020,12008,11052,18736,26464,28653,13070,21979,11826,26722,22484
9694750	,911,10914,14887,15383,14550,7868
11300000	,4479,13701
11579750	,11080,15217,11196,12688
11701500	,542,29099,12977,3228,2683,17760,7323,16406,9369,4366
1579250	,21160,4953,24194
1793250	,21659,7868,21067,22393,6175,4731,24942,2033
203750	,7105,11052,11196,26722
2797750	,8409,7868,28270
282500	,12055
3895750	,19005
4907500	,22552
5440750	,3627,12883,20045
7810250	,8637
8280500	,16674,17972,7868
8573000	,9549,27791,6158
861750	
8701250	,7868,9230,9948,20536,8689,9242,11196,8409,11679,1666
9055750	,11201,12220
1063000	,15019,15584,22280
11225500	,11196,25372,24869,8628,10176,21110,13020,4731
1561250	,20207,22393,10329,25086,2257,7868,17706,28059,14261,17945,28653,22583,15138,13891,3627,8689,12352,251
2975500	,23793,14226,16670,14902,21865,11329,7868,15934,19745,16406,5086
3350250	,19177,24765
5865750	,4238,28616,11793,2368,3145,29331,10268,911,28177
6634500	,10788,5336,83,7868,21110,14020,25366,241
7785250	,21110,7868,20180,2683,28270
7898750	,24503,21838,27961,16821,25415,26894,7868
8060000	,1335,25372,22727,12220,7868
11503250	,19458,5883,504,12220
11747250	,11176,18805,29099,953,27033,6098,6731,24892,14261,17959,22126,9525,28065,21919,14694,19036,13494,7868,11244
12386500	,25372,22727,2367,7868
3031750	,11465,7061,28899,18131,15988,25372,7105,28924,29099,15584,19962,12352,14294,11263,17060,4949,18730,8689,21565,2367,11176,12394,13247,3627,12977,3228,7323,16406
3114000	,12220,23928
405000	,2683,12394,11080,25260,24486,11176,12168,11767,26722
4256000	,28184,6096
4880250	,6246,3627,5883,22246,905
5354000	,14294,26288,13450,2683,12394,21110,11176,20180
563500	,16939,12220,19632,22727,7868
5642000	,12512,2257,1228,29203,22889,4172,9985,16009,7910,10282,7868,6203,13450,10840,11080,11176,10726,14914
6412750	,9829,17060,3719,8446,27509,25635,19993,29,3304,6246,3627,5883,22246,905
6572500	,26485,241
10052000	,28975,25214,4039,22280,10893,3719,12352,7868,12394,22126,12754,21110,3093,9111,7680,28653
11397250	,25372,21110,12394,3228,20386,2368,3740,18990
11761750	,554,22727,7868
1838000	,9985,21110,8409
3903500	,8689,1392
5292000	,23779,8643
5407750	,11080,9563,178,16373,7868,6352
5742000	,25635,29,22307,29465,3304,6246,3627,5593,25261,170,5883,22246,905,19523
5952250	,14020,11176,9838,23612,5067,4949
6258500	,27791,12068
7450000	,27791,12977,2683,14261,29202
8051750	,20297,13762,8389,7936,12220,21911,26485,13737,17389
9069000	,11176,2257,17446,9620,8689,21110,11244,19937,11573,7868,22393,28017
9438000	,24977
10312750	,4775,20164,24503,6154,6672,20367,16110,7868,18843,17547,12352,3627
10521000	,16406,9472,13779,9045,23076,9471,25770,15761,10225,10409,7868,15874
10715500	,29203,16939,28463,2159,7868
1525000	,11687,24601,9620,16110,11196
1855750	
236000	,949,4931,28924,29099,11196
239250	,12394,28438,8689,27791
4037500	,19993,29,3304,6246,3627,5883,22246,905
5059000	,16668,9195
6358500	,6175,18196,24942,8860
6694750	,27407,8689,26298,27514,21110,4709,7680,12977,12220,12352,22393,15631,24196,11052,14020,26722
847750	
