10944750	

12028500	

1206500	

12154500	

1620500	

4716750	

4844000	

5654000	

5735000	

5780000	

6061250	

8170750	

8622000	

10224750	

10229250	

10302500	

10546500	

1110750	

12015000	

12173500	

12388250	

1971500	

2626250	

3963750	

434750	

5220750	

5254500	

6571000	

6849750	

6977000	

7703750	

8149250	

8757750	

9288000	

10696000	

11391250	

1661750	

1832000	

2771250	

2852250	

3211250	

3581250	

4256500	

5034000	

5901250	

6257000	

6996000	

9720000	

10057000	

11362000	

11687000	

11847750	

12008000	

12215000	

1969000	

2132250	

3089500	

4770500	

4809750	

7002750	

799000	

8102000	

8666500	

9035750	

9163000	

9244000	

1046250	

10768750	

10927500	

11046750	

11339250	

1904750	

1906000	

1909250	

2138750	

2476250	

2874500	

2921750	

317500	

3524750	

3849750	

39750	

4184250	

4215750	

4956000	

5108000	

6874250	

8040000	

9103250	

9344000	

10095000	

10831750	

11434750	

2078000	

3257000	

3590000	

3787750	

5898500	

591750	

6523250	

7367000	

7687500	

9811750	

10064500	

11340250	

11612500	

12065000	

2676250	

3035250	

3226500	

371250	

42000	

5754500	

9173750	

9628250	

9706000	

981000	

10054250	

10619000	

1459750	

1966250	

3054250	

3293750	

3952000	

4850000	

4963500	

5082750	

5906250	

11493000	

11894500	

12231250	

1446250	

3188000	

3520000	

364250	

38250	

5959000	

6247250	

6564500	

7345250	

7699500	

83250	

10047250	

11142000	

1381000	

2428500	

380000	

4102750	

4922750	

5769750	

5847500	

6619500	

7927750	

8129250	

10018000	

10257500	

10309250	

11111500	

11321750	

1148000	

11936000	

12337750	

1240250	

145750	

1517000	

1812000	

2251750	

2492500	

5012750	

5143250	

6848750	

7286500	

7545250	

8271000	

8997500	

9782000	

10069500	

10401500	

10774750	

11874000	

1324500	

3981750	

452750	

6003750	

6754250	

6867750	

7016500	

7190750	

7886000	

10261750	

10588000	

10790500	

11730000	

11972750	

1724000	

2168250	

2870250	

3795000	

4853750	

4902250	

5052000	

6400000	

711500	

9437500	

