10944750	20386,7868,10916,25687,25372
12028500	9620,27618,2257,4834,11196
1206500		1084,14227,2683,18977,7868
12154500	14227,26608,18977,17640,7868
1620500		8767,1950,255,8148,5833
4716750		20472,21110,12220,19993,2683
4844000		3145,18730,14020,21672,12220
5654000		4949,10240,11176,11977,23861
5735000		20470,1084,14227,18977,7868
5780000		12285,398,7061,21336,18736
6061250		911,24929,11000,14261,679
6458500		6880,17771,10480,27328,8637
7860250		23779,11196,22280,6331,23013
8170750		11679,15584,20536,11882,23143
8622000		15217,1461,14020,11196,12688
8861500		29203,16939,1547,2826,16540
8869250		21225,15907,27407,15631,8689
10224750	25960,1831,5081,1481,11679
10229250	10353,5863,12168,18805,8689
10302500	9936,15672,12220,20506,679
10546500	25372,7868,24503,26894,21838
1110750		23295,2729,27791,24571,20578
12015000	9295,22499,14020,15138,7552
12173500	12352,4949,8689,11176,3627
12388250	1739,3181,3774,155,23793
1971500		2610,26973,14294,25329,13701
2626250		12758,18977,26523,25193,7868
3963750		12175,27615,11176,23612,4949
434750		15322,4571,21911,20297,13737
5220750		21225,15907,27407,15631,8689
5254500		20470,1084,14227,18977,7868
5948500		28348,4418,25372,16463,6290
6067750		7868,10521,14020,7105,29099
6571000		6158,29203,15584,23628,12162
6849750		29099,14020,21899,11679,2655
6977000		20470,1084,14227,18977,7868
7703750		16463,7868,27056,25058,18075
8149250		3228,14381,13891,29099,11679
8757750		19891,2669,25733,26288,18024
9288000		26754,19993,12168,15584,2683
10696000	1547,25596,7620,21092,21110
11391250	7567,9907,23623,27035,28924
1661750		18075,11080,8689,3151,14020
1832000		18977,28752,25372,25687,7868
2771250		5836,17823,2513,14694,2963
2852250		19394,17061,21657,1222,14261
3001000		11904,3699,12747,27092,11080
3211250		18730,3627,15584,1047,16110
3581250		953,12754,3093,7680,22126
4256500		2898,5043,13776,11176,7096
5034000		3145,18730,14020,21672,12220
5901250		17133,6548,15828,12606,22482
6257000		14360,4709,23628,3740,18990
6996000		12162,6305,27927,5336,7868
9720000		15138,4491,4808,1392,26871
10057000	8193,19458,19891,19197,29497
11362000	14020,17823,12977,2963,8693
11687000	27407,25240,28438,15631,8689
11847750	18051,4571,17020,3555,21372
12008000	19394,17061,21657,1222,14261
12215000	23284,12352,6672,3627,7868
1969000		3145,18730,14020,21672,12220
2132250		3746,14159,1831,27791,22552
3089500		12271,1917,3627,27514,4078
3552000		13672,12394,12220,7105,24385
4770500		599,5376,3145,14020,12220
4809750		9936,15672,12220,20506,679
7002750		25960,21393,2613,11080,1481
799000		7868,25142,28463,251,27791
8102000		7620,21092,2683,14294,21110
8666500		12132,15269,15672,27961,11790
9035750		4571,19891,18024,29099,9881
9163000		18730,19973,18805,21672,6096
9244000		7105,1084,18977,21865,7868
1046250		13962,7868,25142,251,27791
10768750	7868,12352,19993,6672,2683
10927500	27191,6988,10404,14580,11080
11046750	17771,10480,27791,27328,8637
11339250	21838,20536,21110,21092,23928
12027000	23241,2899,26619,3720,21865
1904750		20536,9195,21092,18024,23928
1906000		12220,11465,20472,19993,2683
1909250		17680,19458,3384,6571,504
2138750		7380,10908,7868,25086,18805
2476250		1547,25596,7620,21092,21110
2874500		12307,18977,13390,6203,7868
2921750		143,7868,25142,251,27791
317500		25086,9620,12352,7868,18805
3524750		2771,13830,16315,4808,26871
3849750		28465,18575,7868,16463,9549
39750		13554,43,6571,2198,5403
4184250		25346,13020,29203,12220,14020
4215750		9138,4571,24907,23928,1037
4956000		28221,10840,29099,11176,15315
5108000		8689,4949,11176,11080,3627
6874250		20506,11465,20472,19993,2683
8040000		26619,24009,9548,16406,15138
9103250		16463,3720,251,11080,2655
9344000		10106,1547,25596,7620,21110
9420500		22368,20386,2826,4731,25372
10095000	19394,17061,21657,1222,14261
10831750	12220,18075,12395,1577,23556
11434750	10726,10840,13390,9985,11176
2078000		12977,11612,14902,11176,27791
3257000		10866,23884,9936,1831,679
3590000		20668,27998,23623,27035,28924
3787750		11080,9111,19421,25329,2610
5898500		11080,9838,4709,11052,26722
591750		12220,5416,10066,13390,21565
6523250		7105,2257,12220,17835,11196
71250		5086,11196,23622,6918,28641
7367000		22529,5814,20297,15811,21336
7687500		12220,14294,14261,27791,12394
9811750		5376,3145,14020,25596,12220
10064500	3145,18730,14020,21672,12220
11340250	12394,22393,2683,21110,14294
11612500	18689,2826,29203,19974,18075
12065000	23662,18024,12212,2270,24669
2676250		6880,1428,5267,15446,9472
3035250		3627,4949,2891,14580,11080
3226500		12220,14261,251,12394,27791
371250		18002,16572,25372,21092,21110
42000		5443,23656,11196,21565,13390
4994000		21869,19955,17087,1461,25596
5754500		12647,25346,13020,29203,14020
7787500		6724,13592,18200,12394,1831
8649250		14119,26722,5267,2826,29203
887500		3627,4949,2891,14580,11080
9173750		18730,3627,14261,1047,16110
9628250		9030,4618,5334,13672,23779
9706000		15584,11767,26722,2683,12168
981000		18730,14902,11612,4949,11176
10054250	20386,13049,9657,15799,20297
10619000	8725,28481,8307,3954,12647
1459750		12394,16550,22583,28059,15138
1966250		12977,4949,8724,8027,2257
3054250		8689,13020,3151,29203,14020
3293750		20206,18185,15831,25193,26523
3952000		3145,18730,14020,21672,12220
4850000		20679,17032,5403,614,15446
4963500		25212,17405,25989,20620,21110
5082750		11029,1084,2683,18977,7868
5906250		251,29547,14182,143,27791
5980500		8689,17959,7400,83,25366
10393750	14227,2963,18977,28992,7868
11493000	20470,1084,14227,18977,7868
11894500	849,9295,22499,14020,15138
12231250	11080,9838,4709,11052,26722
1446250		12394,11563,14020,27092,7105
1985250		2438,21110,19993,12220,2683
3188000		6052,12606,16463,16602,9567
3520000		14780,4571,23928,28065,7868
364250		12162,2367,24015,11196,11679
38250		12977,14902,11612,11176,18730
4421250		11196,18730,14261,1047,16110
5959000		16939,14360,21110,251,14153
6247250		7071,19962,18868,16653,19615
6564500		16110,7323,16406,12394,11176
7345250		7061,11328,5185,15138,23656
7699500		26716,21067,4949,23928,11080
83250		13701,11000,18180,25329,4220
10047250		18051,4571,17020,3555,21372
11142000		12052,24601,29099,9620,12352
1381000		19394,17061,21657,1222,14261
2428500		26608,9549,2568,7868,17640
380000		12220,9817,2128,3627,554
4102750		12512,5267,23214,23482,22126
4922750		23928,26288,24601,19891,18024
5027500		12220,21936,15859,22317,11201
5769750		7868,12352,3627,24503,26894
5847500		661,19993,18200,1831,21865
6619500		11176,4949,8689,12352,3627
7927750		12271,18024,949,20519,26288
8129250		20470,1084,14227,18977,7868
10018000		10409,251,15874,7868,27791
10063000		25372,2683,14294,21110,22393
10257500		4571,679,29099,22393,10893
10309250		5267,15446,6880,1577,9472
10513000		10014,6290,5429,26614,6147
11111500		23475,7868,28463,251,27791
11321750		29445,28899,7997,21672,3228
1148000		27505,6672,22280,15096,23284
11936000		6352,12394,25329,26973,14294
12337750		2198,20536,23928,21110,21092
1240250		12220,14294,14261,27791,12394
145750		9620,27618,2257,4834,11196
1517000		4302,16331,7560,12285,27205
1812000		4834,23779,29547,7105,11196
2251750		9072,8689,23549,22727,7868
2492500		28481,29465,15390,26288,20979
5012750		6571,21681,23187,15138,7963
5143250		6147,14482,21372,5625,26614
6848750		21225,15907,27407,15631,8689
7286500		7868,27791,12977,26288,22664
7545250		12162,2367,24015,11196,11679
8271000		4571,26619,28270,11280,27625
8997500		29472,18271,637,5738,10726
9782000		19745,14020,3151,16406,5086
10069500		16939,4571,28463,2159,7868
10401500		18977,28463,2159,27791,7868
10774750		21091,29099,7868,251,27791
11167500		18196,9030,4618,5334,23779
11874000		3145,18730,14020,21672,12220
1324500		7105,14227,18977,21865,7868
3981750		23143,251,22963,1831,27791
452750		12068,16564,25488,10872,251
47000		16609,9912,14482,22727,23549
5068750		6331,23013,5625,26614,13244
6003750		20470,1084,14227,18977,7868
6754250		29099,11080,12352,13891,17945
6867750		27028,5176,15138,8024,7552
7016500		22393,13020,29203,24196,14020
7190750		13962,7868,25142,251,27791
7320250		7868,4949,26728,3032,20536
7886000		17945,22321,29203,15446,5267
8033500		1547,25596,7620,21092,21110
10261750		26699,2836,24601,19973,14261
10588000		26619,24009,9548,16406,15138
10790500		12394,11563,14020,27092,7105
11730000		28631,9985,21392,11196,13390
11972750		21225,27407,15159,15631,8689
1724000		15639,6152,5443,12352,29099
2168250		20470,1084,14227,18977,7868
2870250		17606,13020,29203,24196,14020
3795000		1831,12052,29099,9620,12352
4853750		23409,13122,23260,17087,25596
4902250		19466,27135,6158,12162,23628
5052000		20470,1084,14227,18977,7868
6400000		15639,6152,9567,5443,29099
711500		24486,11080,12168,11767,26722
9437500		13483,26754,15584,12168,2683
10492250		1084,14780,2683,18977,7868
10609250		155,12977,2963,10240,8693
1074500		9912,12943,17748,18025,9567
10845500		20083,11196,13390,9985,28924
11496750		23284,28411,10193,20300,9829
154500		21865,16302,24669,15907,8689
1953250		12220,14261,27791,12394,3658
2182750		23793,15907,1539,28391,8689
2378500		23774,2683,6167,18292,3228
2920750		16463,3228,679,20300,22359
3075000		6057,16085,21372,5625,26614
3363000		12352,8689,4949,11176,3627
4004500		4731,9454,17680,6571,504
4054000		14020,7552,21885,18905,7868
4133750		20386,1831,20425,2257,25372
5187750		3627,4949,2891,14580,11080
573000		27228,15315,25742,18868,11080
7103000		24764,28270,26754,27117,15019
7269250		22499,13883,12426,20578,27791
7476250		23928,15096,26754,15019,23284
848500		2257,22393,11080,9838,26722
9212500		28752,25372,15138,25687,18002
9794000		11679,27950,21841,3390,24886
9906500		1731,28967,10702,23656,5185
11032250		2945,24344,2367,2963,18879
1140750		1084,24704,18977,12541,7868
11564250		19813,26806,18200,3228,1831
2200750		21899,3720,251,11080,2655
2688750		21865,18024,28391,19374,155
2737250		13672,29099,3228,7105,24385
4186500		21565,13672,14020,24385,7105
5239500		27791,251,18805,14242,14153
5491500		25596,1547,7620,21092,21110
5994250		23793,454,1831,7542,18180
6766250		13962,7868,25142,251,27791
6957500		12173,5619,12754,15159,22029
7657250		28937,911,28177,11652,3228
835000		14048,8689,9912,23549,8637
8702500		27618,7105,2257,4834,11196
8949750		21078,21995,17242,23907,16818
9394500		14623,15639,6152,5443,29099
10112000		28653,21094,21110,20996,2471
10322250		21110,23656,4078,11328,5185
11984750		8689,11176,4949,12352,3627
1815750		3390,28391,5094,6827,5067
2788750		27160,8662,4949,12394,11176
3149000		10908,25086,7868,18805,24503
3723750		18024,24194,1831,5185,4078
4047000		19751,20297,23482,18712,7105
5968250		16110,12977,5086,7323,16406
6205000		6171,1461,16668,17153,9195
6654750		21657,11679,1222,7105,14261
7306250		10866,23884,9936,1831,679
7513250		15446,10169,2826,5267,29203
8145500		21883,2198,21865,10949,9912
8195000		25372,5598,12271,5185,4078
9782500		21067,251,23662,6352,4949
980000		911,28177,11652,11196,3228
11552750		13962,7868,25142,251,27791
11683250		19421,22313,1293,12541,24704
11716000		14020,18868,28221,10840,15315
11923000		13087,1293,14580,11196,3228
12371000		5470,14261,12220,27791,12394
1699500		16406,7286,18200,1831,9838
1758250		13962,7868,25142,251,27791
3168000		9842,16854,7616,12647,28481
341000		1598,12168,15584,26754,2683
5199750		1831,15672,12220,20506,679
5293250		10866,23884,9936,1831,679
7034000		13962,7868,25142,251,27791
7163250		12168,18290,18805,9567,8689
7435500		18013,19891,2669,25733,18024
745750		13087,1293,14580,11196,3228
8248750		2254,8628,9829,14294,12394
9436000		14209,6326,24645,10014,504
10185750		11679,12977,12068,2257,911
1104500		1547,25596,7620,14294,21110
1934750		1547,25596,7620,25372,21110
200250		24601,17547,29099,3627,12352
266500		8307,3954,9486,12647,7868
3266750		17748,12394,21110,12977,3228
3310750		251,20207,8689,25086,3627
3588500		23143,22963,1831,27791,8637
4376250		10353,5863,12168,18805,8689
4533750		2764,10240,1691,27670,4324
7003500		9620,27618,2257,4834,11196
764750		251,18805,21110,14242,14153
8070000		24601,19891,2669,25733,18024
82250		3627,4949,2891,14580,11080
8230750		23662,251,11176,23612,4949
8523250		1831,27251,23782,21336,11080
8633500		19381,12285,22027,23735,8148
8730250		11665,16500,26288,24541,911
8799750		17061,21657,1222,679,14261
8848250		24196,574,12541,7827,24704
9039750		23143,17013,27406,3228,11196
9199500		24869,7827,4578,29099,3228
9982500		11465,3308,29099,19993,2683
1047000		1547,25596,7620,21092,21110
10654750		4078,8024,2270,12453,7552
2768250		15730,5848,20037,12394,20143
3573750		4949,8662,12394,12220,11176
382250		9838,22393,4709,11052,26722
4392000		12394,25329,3658,26969,2610
4423500		13956,26754,8643,11936,24193
4557250		19962,19615,18868,16653,7868
4680000		7868,28465,9549,24059,16463
5155750		25086,2669,25733,18024,18805
5238000		20506,11465,20472,19993,2683
5440500		3627,4949,2891,14580,11080
5655250		7105,27406,2257,3228,11196
6299000		2270,1831,5081,1481,16818
7269750		6571,2826,29203,20902,16540
7892000		26288,24541,11679,12068,911
832250		6520,3228,251,1831,27791
8529750		849,9295,22499,14020,15138
8940500		21899,18741,12674,14020,2655
9972250		5053,2208,14020,7963,15138
10592750		13592,12220,10872,24196,15934
10966250		10353,5863,12168,18805,8689
2331750		10908,23482,22126,25086,18805
3549000		19394,17061,21657,1222,14261
3592750		789,15138,14694,12168,7868
3675000		14020,14470,13779,17244,25733
3751500		22359,15096,9829,20300,23284
4447000		11176,4949,12352,3627,7868
4814750		20470,1084,14227,18977,7868
5336750		911,24929,11000,14261,679
5467250		25596,1547,7620,21092,21110
6603750		25596,3228,7620,21092,21110
6768000		23907,21962,4808,17438,16818
8435250		17061,21657,1222,16110,14261
9121750		20470,1084,14227,18977,7868
9202750		1547,25596,7620,21092,21110
9946250		6571,12435,7105,155,21865
11535500		12162,2367,24015,11196,11679
11632250		7868,12899,15934,24196,12220
1247000		24459,4163,9479,7105,18712
2148250		6352,12394,25329,26973,14294
2350750		18024,4618,13672,5334,23779
2882750		28669,9563,3228,7812,4452
2968250		10908,25086,18200,1831,18805
3405000		7868,18024,14261,12018,20826
5226500		20470,1084,14227,18977,7868
5320000		28937,28177,11652,11196,3228
5438000		1547,25596,7620,21092,21110
7060500		14209,6326,24645,10014,504
776750		13087,1293,14580,11196,3228
10212500		21581,647,1591,28410,18167
1025250		25079,12271,2198,10949,4078
11022500		15423,26754,5574,27117,15019
139000		1831,15672,12220,20506,679
2033500		25086,251,20207,12352,3627
2808500		14261,12220,27791,12394,25372
4118250		23656,10702,4078,11328,5185
472000		28992,10240,14020,17823,2963
4804500		24196,7868,28465,9549,16463
4809000		17087,16540,9193,14020,1461
4886500		5470,9549,2568,7868,17640
5248750		1776,27998,7567,9907,28924
5745000		24486,12168,11052,11767,26722
747500		25917,10948,12606,27625,21110
7854500		3228,12977,16110,7323,16406
8216750		17506,13450,11431,8313,12285
10443000		13592,23928,18730,8719,11793
10653250		21110,18990,27977,13450,20180
11078500		26288,18013,2669,25733,18024
11625250		23563,25669,23628,7465,18990
11947000		4949,3699,12747,27092,11080
3312500		20472,17592,4683,19993,2683
3734250		28308,10014,6290,26614,6147
3892750		849,9295,22499,14020,15138
4454500		26754,5574,12688,27117,15019
5264500		12220,11776,12352,14294,12394
6458250		4302,16331,7560,12285,27205
6900500		27791,5306,14242,26866,21659
7600250		27160,8662,4949,12394,11176
7715000		13471,12132,14227,11790,7868
7797000		2257,23779,29547,7105,11196
892500		25086,239,21930,7868,18805
10818500		20750,21657,25402,18024,23779
10915250		12220,27625,7868,22908,18075
11141500		1758,24344,2945,2367,18879
1173500		18741,29334,16672,19974,5848
12204750		15138,3393,5053,2208,7963
1338750		1831,12052,27625,9620,12352
2076000		10714,642,22852,5592,3390
2448250		23662,18024,12541,24669,949
2891500		16110,26722,11052,12977,2257
2940000		11080,9838,4709,11052,26722
4059500		16463,9549,1084,18977,7868
4153000		3699,12747,21865,27092,11080
415500		3151,15405,9817,3627,554
4895250		11524,26800,20471,12068,15423
5899750		5987,3145,14020,18002,12220
5911250		17547,29099,3627,9620,12352
6014750		28975,10970,10329,9111,28653
7494250		15125,25372,17431,21838,12855
7976750		13087,1293,14580,11196,3228
8049000		20506,11465,20472,19993,2683
8628250		22946,15249,10464,20979,19005
10756500		7173,6148,1577,27155,17706
10885750		23241,2899,26619,3720,21865
1118250		6352,12394,25329,26973,14294
12016750		28975,10970,10329,9111,28653
12142750		23781,5799,23774,21092,22749
1244250		2963,8693,24514,4324,10240
1767500		21392,18024,29203,13450,20180
2386250		679,5639,23656,1598,26754
2752000		7105,21865,11665,3032,27514
439000		20470,1084,14227,18977,7868
5061750		9031,4808,5797,21849,599
5962750		19615,7868,949,4949,11080
7143250		1880,1731,28967,10702,5185
9079500		20470,1084,14227,18977,7868
9123500		25260,24486,11767,26722,12168
969750		28992,2963,29203,10240,14020
10539250		22393,13020,29203,24196,14020
11137750		29099,9120,19891,18024,12068
1459000		16085,6147,21372,5625,26614
1911500		16540,13020,11679,14261,16110
4097500		14942,8637,7868,12352,6672
4259500		27160,4949,8662,12394,11176
4547500		10151,6352,17400,2655,15138
5037000		20470,1084,14227,18977,7868
5279750		12285,20386,9657,3228,20297
5726500		25346,11080,13020,29203,14020
7405250		7552,25177,21110,20386,25372
746000		23241,2899,26619,3720,21865
7568250		27160,4949,8662,12394,11176
8163500		26216,26959,25240,28438,8689
8215250		19394,17061,21657,1222,14261
9179500		9620,27618,2257,4834,11196
9352750		27625,7868,22908,22482,18075
9807250		20470,1084,14227,18977,7868
9839750		24541,9291,12927,28410,24081
10799000		12220,14261,14533,27791,12394
10972250		9030,18024,4618,5334,23779
11158000		1084,14227,18977,21930,7868
11494250		9620,27618,2257,4834,11196
11734000		9936,15672,12220,20506,679
11737250		9031,4808,5797,21849,599
11782250		4775,15138,18843,18002,12220
2006000		7552,21838,20386,21110,25372
2088000		26754,5403,2198,4078,15019
3396250		26883,14020,22583,28059,15138
3846250		26315,15860,12162,11679,15584
4115500		17244,25733,3720,26619,21865
4370750		24869,7827,4578,1666,3228
65500		17945,7868,24601,12352,29099
8072250		7868,7105,749,1392,11196
1492500		12162,2367,24015,11196,11679
1528500		27544,14240,2683,21092,22749
1792000		6203,7910,10840,13390,14914
2316250		4080,18624,20519,949,26288
2557000		10740,18519,7868,15322,4571
3317500		26614,24929,3032,12688,27514
417250		11524,22359,20471,20300,12068
4378500		25372,29203,11857,2826,4731
4503500		29490,21515,3627,4147,24193
4876750		4949,4479,4931,949,11196
6126750		28270,24977,26754,27117,15019
6872750		21838,13471,14227,2683,7868
7184500		20470,1084,14227,18977,7868
8156500		18200,12271,12394,4078,1831
8172250		13471,1084,14227,18977,7868
8528750		13962,7868,25142,251,27791
9586500		7105,14227,18977,21865,7868
11114000		14482,1831,20425,2257,25372
11772000		24898,13793,22029,15874,7868
12015250		3699,12747,27092,14580,11080
140500		9030,18024,4618,5334,23779
1641000		11826,239,7868,21930,22484
2364500		2899,26619,155,3720,21865
2733500		7552,14451,20127,25372,27638
3014750		13471,1084,14227,18977,7868
3096750		14020,16463,28221,10840,15315
3511000		12352,11080,22393,24196,14020
4782250		9936,15672,12220,20506,679
5170500		2257,28184,18805,6096,21672
6233750		28184,4220,1831,7542,18180
6848000		155,24601,12977,8693,14261
8017000		8689,27390,18932,6672,23284
8353250		17506,13450,11431,8313,12285
9076750		2655,10176,21110,13020,4731
9979000		8689,25086,20207,3627,251
10119250		20470,1084,14227,18977,7868
11131750		7868,10840,11080,10726,11176
11631250		17133,6548,12606,15828,22482
11794250		7567,9907,23623,27035,28924
3148500		8689,11176,4949,12352,3627
3245250		23793,454,12352,12977,2257
3326250		3775,20679,24459,614,28425
3404000		4949,9817,12352,554,3627
4625750		29203,15446,9838,5267,9472
5110750		15155,15345,934,18572,6352
6301250		15192,25372,27791,22393,8637
6380000		9479,16550,22583,15138,28059
691500		251,7868,14261,26288,27791
7918750		18868,15022,22621,26959,28438
8160750		9620,7105,1591,2257,11196
8327250		4479,13701,3032,11000,25329
8822250		4578,2669,25733,24969,18024
9015000		21110,2826,25372,13020,4731
9513250		19102,16668,18024,23928,9195
9671750		15446,2826,10169,5267,29203
11558000		25177,21110,20386,6290,25372
1838750		23907,21962,4808,17438,16818
2198750		14020,16550,27791,12394,12220
2616250		10051,11080,20152,18730,14265
267250		27791,23273,476,15138,2367
2807500		11196,27514,27117,15019,12688
2823250		11000,7096,25329,26969,2610
299750		4949,3699,12747,27092,11080
3009000		21110,10893,14930,2033,22393
393250		23662,251,11176,23612,4949
5082500		11563,13672,27092,24385,7105
5828250		15065,599,4491,4808,26871
64000		24541,4949,14294,12394,11080
6807250		10893,21110,14930,28017,22393
7211250		2750,21110,11328,5185,23656
7568750		19993,11431,12285,18200,1831
791500		4949,11176,28653,10329,3627
8346250		16540,7822,27906,7208,16939
8792750		7552,25177,21110,20386,25372
8909750		25989,20620,27625,28270,21110
11121500		12285,13737,20386,9657,20297
11129250		3699,12747,14580,27092,11080
11527500		13962,7868,25142,251,27791
1365000		7936,21911,20297,13737,679
1441500		23086,2826,15883,29203,679
1449250		19394,17061,21657,1222,14261
1688750		5987,18730,21672,18002,12220
2103250		12220,14294,14261,27791,12394
3684750		12220,24059,18200,16463,1831
3799500		931,26315,15860,12162,15584
4087750		2764,13962,25142,28463,27791
448250		16653,6246,3627,22246,905
4631250		10521,17945,7868,3228,29099
4712250		20425,25372,20902,2257,15365
5522250		4949,6096,8724,8027,2257
5957500		7868,16540,26722,2826,29203
650750		12220,21110,16406,16550,28059
6904000		10169,15446,9472,29203,5267
731750		9620,27618,2257,4834,11196
9215000		13020,1962,25329,26973,14294
11352000		11176,20551,19421,11080,7096
12331000		26614,3458,10584,4220,18180
1622500		5833,8148,29203,24196,14020
1627000		13471,1084,14227,18977,7868
1710500		20470,1084,14227,18977,7868
2232500		9936,15672,12220,20506,679
252500		10908,23656,25086,23861,18805
3010000		3458,10584,13975,18180,4220
3335000		11080,8719,5574,11793,15019
3781500		12068,12220,14020,241,911
4317250		24898,13793,22029,7260,15159
4475750		12352,4949,11176,8689,3627
5078750		21628,7465,12220,3740,18990
5287000		11665,24929,12688,18196,27514
5910250		24886,26605,16540,3627,11679
6015000		28410,3699,12747,27092,11080
621500		20506,11465,20472,19993,2683
6264750		25596,1547,7620,21092,21110
6266000		13483,26754,12168,15584,2683
6683250		21336,12285,398,28641,18736
6921750		29497,28924,28631,9985,13390
7445000		7868,22908,27056,25058,18075
8910750		11665,11196,27514,27117,12688
9651250		25840,1008,7061,15019,26754
9685000		6571,1428,5403,2198,11605
9716500		15138,20297,7868,14694,12168
9842500		5863,12168,14242,18805,8689
9973000		13778,18227,28992,23475,27625
10642000		251,21092,23928,20536,949
10933250		4452,679,6988,10404,14490
1114000		25960,21110,25372,13020,4731
11646500		25596,7620,4220,13975,21110
11939000		21869,1461,19955,17087,25596
1194750		16913,25366,911,1530,27514
1531250		1831,25372,5598,12271,4078
1782250		21110,11328,21865,5185,155
190500		19574,23928,4571,4281,10893
2704750		8313,2610,14020,12394,3658
29750		18730,14020,21672,18002,12220
3304500		949,4931,29099,7868,11196
5256500		7868,19980,614,1428,11605
567250		4949,3699,12747,27092,11080
5751500		15514,27609,15138,1392,11679
599750		21911,13737,13049,15799,20297
6571750		2826,19374,16540,18024,155
7383000		13962,7868,25142,251,27791
805750		21838,14580,2683,13737,7868
887750		13737,15423,5574,27117,15019
9044750		24344,2367,18736,2945,18879
965500		2367,14020,17823,20297,2963
10533750		19394,17061,21657,1222,14261
1165500		12068,11638,5574,15423,15019
1181250		8637,7868,12352,23284,6672
12275500		5043,21657,239,7868,21930
2480750		15390,26288,23284,19005,20979
3295250		4329,11431,1831,8313,12285
3742000		6305,23656,27927,5336,7868
8243500		9620,27618,2257,4834,11196
8324500		13020,2655,29203,24196,14020
9351750		4949,3699,12747,27092,11080
9592500		7868,1481,9549,679,11080
984500		18575,26394,18730,1237,2513
10185000		20470,1084,14227,18977,7868
10264750		15446,10169,2826,5267,29203
10840750		13135,25372,24385,14020,7105
11440500		6571,21657,1222,504,14261
1189000		26972,23662,251,11176,4949
11896000		25488,141,14796,10872,12068
1806750		26614,489,16609,14482,2513
19500		3627,2891,4949,14580,11080
2050000		6805,14153,14242,251,27791
232000		20470,1084,14227,18977,7868
2988000		18730,5598,22482,12606,14575
3216500		18227,28992,14020,17823,2963
3719250		26288,24274,18624,25618,4078
5139250		3627,4949,2891,14580,11080
6354500		1758,18024,5185,5377,4078
6852750		16624,26972,23662,251,4949
764000		7465,28017,21628,3740,18990
8314250		7105,2257,12220,17835,11196
8508750		10106,25596,1547,7620,21110
9278500		28059,14020,24307,9645,2683
9488750		7997,17060,24907,29547,11730
10816000		7927,7812,18233,4452,20747
11949750		17032,5403,21092,10949,2198
12234750		25177,21110,10893,20386,25372
12239250		9688,15065,18024,18624,26288
3288250		8792,3390,7868,1047,16110
3410000		12528,25372,21110,3150,16463
3977750		22211,24178,25596,1461,14020
4921000		18835,24669,15907,23549,8689
5024500		13087,1293,14580,11196,3228
5608250		1547,25596,7620,21092,21110
5812000		13483,26754,12168,15584,2683
6172000		11698,14603,24196,12541,24704
6713250		18879,1713,26699,15138,2367
7361250		28410,23928,18730,8719,11793
7893250		24541,9291,2963,28992,28410
7921500		749,18741,14020,12674,2655
9394250		7105,17013,27406,3228,11196
10592000		3145,18730,14020,21672,12220
11307500		29490,27155,12068,23407,22359
12384250		2610,16483,14020,12394,3658
2253250		11080,2513,7105,18730,14261
4189500		8792,27191,7868,6988,10404
4399750		7173,19974,27155,17706,6148
5465250		24307,9645,2683,26159,21865
5915250		679,8313,15549,10690,2367
6234000		16085,21372,5625,3555,26614
6683750		7868,26722,2826,5267,29203
7830250		28184,15405,9817,3627,554
8096750		10056,2257,21672,29203,5267
8430000		679,6880,7868,27791,8637
10000250		18689,29334,16672,5848,19974
10566000		20470,1084,14227,18977,7868
10598500		14294,12220,14261,27791,12394
10773000		4949,26722,8724,8027,2257
11711250		15514,27609,15138,1392,23861
12229000		2410,22621,26959,28438,11080
1617250		21962,2217,4808,17438,16818
2756000		13888,20536,23928,21110,21092
4257000		11280,28270,12394,27625,11176
4304250		20470,1084,14227,18977,7868
4336750		8628,1831,25372,16754,16463
4658500		10106,25596,1547,7620,21110
6334000		1713,26699,9413,27791,14526
6497000		12394,17748,21110,12977,3228
6780500		29099,25372,29465,21632,10893
8111500		11904,3699,12747,27092,11080
9463750		849,9295,22499,14020,15138
10297000		527,27625,7868,22908,18075
10713250		3720,3627,2655,201,1031
11313000		14580,7105,2257,3228,11196
12004000		18080,22126,3093,21110,7680
12377250		12352,22393,24196,8689,14020
1724250		25372,15672,16913,27791,3228
2322750		15307,3093,22126,12754,7680
3661500		24009,9548,7620,15138,21110
4035250		1530,1079,20297,4667,19660
4193750		9030,18024,4618,5334,23779
4852000		20470,1084,14227,18977,7868
5539250		20470,1084,14227,18977,7868
5697750		8313,15549,10690,15138,2367
5987000		27060,15860,12162,25596,15584
6272000		8818,2683,3850,20180,12055
6998500		12352,4949,8689,11176,3627
7116750		9620,2257,12220,17835,11196
7323750		24601,9620,7105,2257,11196
7483500		2899,26619,155,3720,21865
8617500		23475,11176,28270,27625,11280
10234000		18575,28975,18712,10329,28653
1074750		3627,4949,2891,14580,11080
10976250		16079,25830,12285,11431,11679
11283500		3145,18730,14020,21672,12220
1319000		16979,6988,9031,4808,599
154750		9620,27618,2257,4834,11196
1727500		11330,8943,3228,29225,4452
3282250		17945,7868,24601,12352,29099
4501000		2963,12883,25029,20045,19862
528250		5330,2963,155,10240,8693
5846250		6724,13592,14273,12394,1831
69500		11396,18196,6621,2257,27791
7218000		2655,18024,20184,11857,11201
7588000		10329,24831,10970,9111,28653
8555500		22482,7019,25372,12606,5598
861250		2826,1547,29203,7620,21110
10578000		23475,18227,27168,2963,28992
10979500		21110,20425,20386,2257,25372
11220500		4302,16331,7560,27205,12285
11590500		4003,7096,14020,17606,7868
1499750		4329,19993,12285,18200,1831
1629250		18013,26288,2669,25733,18024
2187500		4709,28049,23628,4254,6158
3288750		4571,23928,3937,5429,15138
3625250		14482,16609,7542,26614,18180
3861500		7105,14227,18977,21865,7868
3913250		10353,5863,12168,18805,8689
4025000		18730,21672,28466,22583,12220
4073250		21706,27415,4078,11682,14261
5121750		849,9295,22499,14020,15138
6099250		7552,25177,21110,20386,25372
620500		26480,27060,178,16373,6352
8123500		15308,21581,24886,3390,1591
10628500		12394,8651,28641,6352,14294
11535250		4949,26722,8724,8027,2257
11616250		23284,28411,10193,20300,9829
12061000		24059,25596,7620,16463,21110
12417500		15907,23187,15138,7963,8689
1530250		18805,20425,1950,11029,14120
2910750		19828,16110,9549,28049,6158
309750		25372,2257,18388,14276,20902
3272000		15761,10225,10409,15874,7868
3644250		7105,14227,18977,21865,7868
4620000		1547,9834,22749,7620,21110
5011500		2257,23779,29547,7105,11196
5226250		27407,12168,18805,15631,8689
5999000		10051,18730,14265,26523,25193
6250250		26754,10872,26722,16564,28149
6412250		25372,5619,15159,22029,27638
6700250		8662,23612,12394,4949,11176
6897000		3658,4300,23861,21747,5458
725000		9486,19615,12352,12977,2257
854250		17977,19973,7868,15322,4571
1086750		20470,7105,14227,21865,7868
11169500		9549,2568,14294,7868,17640
11957000		2217,21962,4808,17438,16818
3249250		20718,789,19539,18730,2513
4063000		5848,17400,6080,2803,12055
4967250		20470,1084,14227,18977,7868
5693000		12674,3720,251,11080,2655
6751750		6571,12560,2764,28463,27791
7322250		5896,1392,23861,6175,24942
8745250		9936,15672,12220,20506,679
9512750		18024,23623,27035,23779,28924
9802000		24869,11080,26619,24601,15138
11601500		11904,3699,12747,27092,11080
3215500		13054,12394,12220,28059,16550
3344750		6152,12943,5443,17748,29099
3954500		11882,23143,12168,15584,2683
4195500		23013,15414,7737,8792,7868
425500		4302,16331,7560,27205,12285
4852500		28453,26288,11679,12068,911
5261000		3958,1591,15308,18529,22852
6150750		7070,12758,25260,25193,26523
6155250		25346,13020,5267,29203,14020
6515500		11080,23878,29099,23793,454
7375000		6951,21936,15859,22317,11201
8216500		25142,6621,2257,251,27791
8845250		28653,9138,14294,23928,12394
9694750		26288,24541,11679,12068,911
11300000		4479,13701,11000,2963,25329
11579750		9620,27618,2257,4834,11196
11701500		11931,14020,16602,29203,9567
11751000		1547,25596,7620,21092,21110
1579250		1831,25372,5598,12271,4078
1793250		18730,14930,24196,14020,22393
203750		16463,21110,20386,18075,25372
2797750		26619,11280,28270,3658,27625
282500		17400,6080,2803,12055,2683
3895750		5469,599,10449,5797,21849
4907500		7105,27618,2257,4834,11196
5440750		17823,24984,7868,4949,2963
6458000		28177,28937,11652,911,3228
7810250		17771,27791,10480,27328,8637
8280500		4846,7936,15631,7260,25372
8573000		11679,6158,23628,12162,16110
861750		22280,15096,251,23284,27791
8701250		7868,25086,21672,6096,18805
9055750		6951,21936,15859,22317,11201
1063000		15423,26754,5574,27117,15019
11225500		3665,22368,25372,2826,4731
1561250		8689,11176,4949,12352,3627
2975500		3228,12977,16110,7323,16406
3350250		21336,12285,28641,398,18736
418500		849,9295,22499,14020,15138
4606000		3458,15383,14550,14887,21110
5865750		13087,1293,14580,11196,3228
6140500		7613,19993,217,22087,10702
6634500		7963,17680,19686,6571,504
7785250		7868,24978,2457,27961,11790
7898750		1084,2683,18977,24503,7868
8060000		18013,19891,2669,25733,18024
8385000		7620,22126,3093,7680,21110
11503250		14209,6326,24645,10014,504
11613500		20470,1084,14227,18977,7868
11747250		527,1031,28975,18575,18730
12386500		8313,15549,10690,15138,2367
3031750		16406,11679,29099,7323,16110
3114000		16572,9138,23928,21110,21092
405000		25372,22916,14020,21899,2655
4256000		7868,25142,251,14153,27791
4880250		1831,24059,2257,25372,16463
5354000		21392,619,27977,29203,20180
563500		4571,18977,28463,2159,7868
5642000		8662,11080,4949,12394,11176
6412750		23676,679,22319,14580,13737
6572500		13103,15639,6152,5443,29099
10052000		19217,22126,18080,21110,7680
11397250		12977,29465,8693,21632,25372
11761750		28184,15405,9817,3627,554
1838000		14020,17823,17020,21372,2963
3903500		9295,26871,22499,14020,15138
5292000		9030,18024,4618,5334,23779
5407750		4571,15345,934,18572,6352
5742000		17214,22529,5814,21336,15811
5952250		18529,6245,22749,13998,5067
6258500		12557,10872,19891,26800,12068
6433000		21869,8689,1461,25596,17087
7149500		12541,10893,10308,14930,22393
7450000		19394,17061,21657,1222,14261
8051750		13049,9657,15799,20297,12220
8100250		7105,14227,18977,21865,7868
9069000		20207,21110,10893,14930,22393
9438000		15019,21672,24977,25117,12220
10312750		8689,4949,11176,12352,3627
10477000		25212,17405,25989,20620,21110
10521000		20470,1084,14227,18977,7868
10715500		12674,251,14020,11080,2655
1525000		27618,4834,12220,17835,11196
1855750		11080,11679,16110,14261,7105
236000		17771,10480,27791,27328,8637
239250		25177,21110,12647,20386,25372
4037500		21372,16609,5625,14482,26614
5059000		1008,23928,414,11196,9195
6358500		14209,6326,24645,10014,504
6694750		25346,11080,13020,29203,14020
847750		24601,19891,2669,25733,18024
