6.12588e+08
4.69145e+08
3.83011e+08
3.26768e+08
2.83451e+08
2.52865e+08
2.24738e+08
2.04055e+08
1.87098e+08
1.72835e+08
1.62189e+08
1.52318e+08
1.43324e+08
1.34765e+08
1.26823e+08
1.21554e+08
1.16032e+08
1.09973e+08
1.0661e+08
1.02176e+08
9.99178e+07
9.79901e+07
9.45214e+07
9.22113e+07
9.06979e+07
8.81191e+07
8.58225e+07
8.43034e+07
8.35135e+07
8.10742e+07
8.05112e+07
8.00345e+07
7.93522e+07
7.85137e+07
7.73507e+07
7.65942e+07
7.53025e+07
7.46536e+07
7.35757e+07
7.20643e+07
7.1806e+07
7.14931e+07
7.08199e+07
7.01781e+07
6.94721e+07
6.89788e+07
6.87915e+07
6.819e+07
6.7045e+07
6.63315e+07
6.63123e+07
6.49352e+07
6.34054e+07
6.30158e+07
6.29798e+07
6.28501e+07
6.26422e+07
6.22615e+07
6.14324e+07
6.06256e+07
6.06214e+07
6.06144e+07
6.00217e+07
5.97011e+07
5.95637e+07
5.88205e+07
5.80198e+07
5.78103e+07
5.773e+07
5.75763e+07
5.69464e+07
5.69233e+07
5.66159e+07
5.56938e+07
5.5667e+07
5.56524e+07
5.51482e+07
5.45573e+07
5.45379e+07
5.42801e+07
5.38571e+07
5.383e+07
5.35298e+07
5.33905e+07
5.30213e+07
5.27633e+07
5.22186e+07
5.20581e+07
5.18348e+07
5.15419e+07
5.13979e+07
5.13366e+07
5.09835e+07
5.09758e+07
5.00214e+07
5.00157e+07
4.99196e+07
4.95474e+07
4.95382e+07
4.93427e+07
4.9103e+07
4.88071e+07
4.87992e+07
4.83701e+07
4.83701e+07
4.82346e+07
4.7886e+07
4.78751e+07
4.77931e+07
4.75283e+07
4.73602e+07
4.72888e+07
4.71782e+07
4.6066e+07
4.6066e+07
4.60202e+07
4.57316e+07
4.56192e+07
4.551e+07
4.53193e+07
4.51459e+07
4.49341e+07
4.47226e+07
4.45214e+07
4.43747e+07
4.4312e+07
4.4142e+07
4.40313e+07
4.34994e+07
4.3487e+07
4.32859e+07
4.31978e+07
4.31518e+07
4.29323e+07
4.25371e+07
4.24616e+07
4.22347e+07
4.20687e+07
4.20461e+07
4.17916e+07
4.17297e+07
4.09726e+07
4.09712e+07
4.09599e+07
4.0744e+07
4.07399e+07
4.05321e+07
4.02787e+07
4.02787e+07
4.02599e+07
4.0124e+07
3.98924e+07
3.98831e+07
3.96714e+07
3.95814e+07
3.94703e+07
3.92456e+07
3.92201e+07
3.92201e+07
3.9118e+07
3.89577e+07
3.87823e+07
3.86993e+07
3.84706e+07
3.84329e+07
3.82327e+07
3.79533e+07
3.79533e+07
3.7923e+07
3.74724e+07
3.74634e+07
3.74558e+07
3.72882e+07
3.72652e+07
3.70689e+07
3.70667e+07
3.70525e+07
3.68787e+07
3.6666e+07
3.66081e+07
3.66004e+07
3.63365e+07
3.60553e+07
3.60521e+07
3.60322e+07
3.59572e+07
3.59054e+07
3.58117e+07
3.54588e+07
3.54193e+07
3.54103e+07
3.53117e+07
3.51103e+07
3.51053e+07
3.50388e+07
3.47998e+07
3.46029e+07
3.46029e+07
3.43913e+07
3.43909e+07
3.41331e+07
3.41142e+07
3.40102e+07
3.39747e+07
3.369e+07
3.36813e+07
3.3646e+07
3.35445e+07
3.35134e+07
3.33375e+07
3.33351e+07
3.30909e+07
3.30887e+07
3.30789e+07
3.29826e+07
3.28557e+07
3.27513e+07
3.26761e+07
3.26025e+07
3.247e+07
3.24605e+07
3.22558e+07
3.22135e+07
3.22098e+07
3.18682e+07
3.1797e+07
3.1754e+07
3.16172e+07
3.16068e+07
3.15554e+07
3.13844e+07
3.13419e+07
3.12357e+07
3.12202e+07
3.09035e+07
3.09028e+07
3.08908e+07
3.02033e+07
3.02027e+07
3.01753e+07
3.01677e+07
3.01549e+07
3.01446e+07
2.94598e+07
2.94543e+07
2.94409e+07
2.93179e+07
2.93143e+07
2.92079e+07
2.91481e+07
2.91448e+07
2.89211e+07
2.89206e+07
2.88452e+07
2.87956e+07
2.8666e+07
2.85654e+07
2.85551e+07
2.83959e+07
2.83584e+07
2.83063e+07
2.81939e+07
2.80805e+07
2.78914e+07
2.78886e+07
2.78706e+07
2.78501e+07
2.7843e+07
2.77365e+07
2.75355e+07
2.75337e+07
2.73917e+07
2.73874e+07
2.73097e+07
2.71281e+07
2.71219e+07
2.71011e+07
2.70889e+07
2.69884e+07
2.69439e+07
2.6881e+07
2.68112e+07
2.66847e+07
2.65725e+07
2.65678e+07
2.64966e+07
2.64499e+07
2.63639e+07
2.62911e+07
2.62901e+07
2.60285e+07
2.60221e+07
2.60184e+07
2.59599e+07
2.5924e+07
2.58334e+07
2.55341e+07
2.5511e+07
2.5511e+07
2.52969e+07
2.52903e+07
2.52892e+07
2.52775e+07
2.51525e+07
2.50797e+07
2.49876e+07
2.4985e+07
2.49794e+07
2.49415e+07
2.48239e+07
2.47917e+07
2.46669e+07
2.46352e+07
2.43108e+07
2.43079e+07
2.43012e+07
2.42967e+07
2.42635e+07
2.41144e+07
2.40956e+07
2.40878e+07
2.40406e+07
2.39934e+07
2.38809e+07
2.38733e+07
2.38556e+07
2.37211e+07
2.36825e+07
2.36817e+07
2.35687e+07
2.35633e+07
2.34675e+07
2.33708e+07
2.33165e+07
2.31328e+07
2.31256e+07
2.31256e+07
2.30938e+07
2.30248e+07
2.29588e+07
2.28882e+07
2.28696e+07
2.27606e+07
2.27327e+07
2.26229e+07
2.26225e+07
2.25978e+07
2.25065e+07
2.25006e+07
2.24926e+07
2.22614e+07
2.22614e+07
2.22037e+07
2.22019e+07
2.19073e+07
2.18832e+07
2.188e+07
2.18716e+07
2.17228e+07
2.16215e+07
2.16193e+07
2.16193e+07
2.16045e+07
2.15998e+07
2.14516e+07
2.14516e+07
2.12658e+07
2.12658e+07
2.12428e+07
2.1201e+07
2.12001e+07
2.11498e+07
2.11377e+07
2.10869e+07
2.09217e+07
2.09194e+07
2.08648e+07
2.08372e+07
2.08372e+07
2.06824e+07
2.06475e+07
2.04788e+07
2.04788e+07
2.04667e+07
2.03799e+07
2.03751e+07
2.03604e+07
2.03568e+07
2.03472e+07
2.02692e+07
2.01434e+07
2.0087e+07
2.00454e+07
2.00427e+07
1.99835e+07
1.98324e+07
1.98297e+07
1.98263e+07
1.98073e+07
1.9619e+07
1.96169e+07
1.9611e+07
1.96022e+07
1.94734e+07
1.94728e+07
1.94673e+07
1.94031e+07
1.92076e+07
1.92032e+07
1.91964e+07
1.91599e+07
1.91418e+07
1.90337e+07
1.90142e+07
1.89559e+07
1.89441e+07
1.89127e+07
1.88935e+07
1.8866e+07
1.88167e+07
1.87542e+07
1.8694e+07
1.85786e+07
1.85744e+07
1.85681e+07
1.85602e+07
1.84843e+07
1.83372e+07
1.83328e+07
1.8315e+07
1.82853e+07
1.82658e+07
1.82413e+07
1.81883e+07
1.8085e+07
1.80393e+07
1.80386e+07
1.80214e+07
1.80115e+07
1.79804e+07
1.7882e+07
1.78434e+07
1.77888e+07
1.7699e+07
1.76955e+07
1.76926e+07
1.75033e+07
1.74929e+07
1.73157e+07
1.73156e+07
1.73135e+07
1.7305e+07
1.73036e+07
1.72954e+07
1.7169e+07
1.71265e+07
1.71237e+07
1.71126e+07
1.69581e+07
1.68662e+07
1.68662e+07
1.67394e+07
1.67354e+07
1.67174e+07
1.67112e+07
1.67045e+07
1.66933e+07
1.66575e+07
1.65693e+07
1.65671e+07
1.64935e+07
1.64411e+07
1.64411e+07
1.64352e+07
1.64206e+07
1.6276e+07
1.62632e+07
1.62578e+07
1.62536e+07
1.62234e+07
1.6168e+07
1.61255e+07
1.59272e+07
1.59263e+07
1.59151e+07
1.59112e+07
1.58987e+07
1.58756e+07
1.57899e+07
1.5723e+07
1.57059e+07
1.5604e+07
1.56024e+07
1.55998e+07
1.55951e+07
1.55822e+07
1.55058e+07
1.54445e+07
1.53596e+07
